numStates 25
numActions 10
end -1
transition 0 0 6 -0.2598756756436582 0.6744040700261852
transition 0 0 19 -0.18061395044154271 0.3255959299738149
transition 0 1 15 0.2182004637582724 0.1654729930465464
transition 0 1 23 0.43460815576963774 0.33703384857117774
transition 0 1 14 0.5499111999343287 0.30152768948568337
transition 0 1 1 0.014226074724544846 0.19596546889659242
transition 0 2 22 0.7718422012010013 0.42583370333773174
transition 0 2 21 0.049033248740038005 0.3850336504044376
transition 0 2 18 -0.5670779399450048 0.18913264625783066
transition 0 3 14 0.9911067068296964 0.1706006270338018
transition 0 3 21 0.8680826164602407 0.07266987834027828
transition 0 3 4 -0.6850622431287192 0.20272905578147218
transition 0 3 8 -0.9218976178768392 0.5540004388444477
transition 0 4 12 -0.21891568669098072 0.344468872413839
transition 0 4 5 -0.45718574519700184 0.36486847439834225
transition 0 4 21 -0.45745231514498563 0.20535426281179156
transition 0 4 19 -0.39106741491337815 0.08530839037602725
transition 0 5 3 0.01469506913930907 1.0
transition 0 6 4 -0.9057125986587073 0.4097438370348103
transition 0 6 3 0.6072727063058885 0.029420907978339864
transition 0 6 9 -0.1399961604436213 0.3845281254004338
transition 0 6 0 -0.29710260241115405 0.17630712958641595
transition 0 7 23 -0.5422354633357012 0.16076071452619894
transition 0 7 12 0.8300797792404249 0.30327535424706115
transition 0 7 10 -0.550341017445779 0.2525340991097945
transition 0 7 14 -0.7740129001735452 0.11991093047020253
transition 0 7 19 -0.8221453260630069 0.16351890164674282
transition 0 8 10 -0.39009404358797717 0.1885576203995842
transition 0 8 20 0.734242464545761 0.0907219983028684
transition 0 8 4 -0.12475983896947906 0.345723722070629
transition 0 8 15 0.2412507860660016 0.3749966592269183
transition 0 9 9 -0.8337307349268519 0.8643549948546941
transition 0 9 18 -0.8785194989250362 0.13564500514530575
transition 1 0 17 -0.25948241034343833 0.015371881641401087
transition 1 0 1 0.5476653525450548 0.5998337206358668
transition 1 0 13 0.03637038526767422 0.027941391495628343
transition 1 0 7 -0.19246207253864922 0.35685300622710375
transition 1 1 21 0.06121343689282566 1.0
transition 1 2 12 -0.990869761055259 0.10182699212748877
transition 1 2 23 -0.46113075401409764 0.8981730078725112
transition 1 3 5 -0.20903969806837264 1.0
transition 1 4 20 -0.5898024615285875 0.9396740015920813
transition 1 4 23 0.28417914042617354 0.060325998407918704
transition 1 5 17 -0.9591658039587023 0.04861102331883399
transition 1 5 24 -0.1438223512847765 0.43774497497806364
transition 1 5 2 -0.235671934166932 0.17453130030832884
transition 1 5 0 -0.9593954367431694 0.33911270139477345
transition 1 6 9 -0.7239281984943604 0.5118239726613308
transition 1 6 23 0.40609220407001434 0.4881760273386691
transition 1 7 18 0.14851975880921398 0.1537519858552869
transition 1 7 13 0.036185437767678685 0.34563279351682796
transition 1 7 21 0.8623482706556991 0.5006152206278852
transition 1 8 0 -0.43140419075949654 0.3245416684166913
transition 1 8 24 0.813461459944083 0.3411205639404442
transition 1 8 11 -0.40057899080228987 0.33433776764286444
transition 1 9 3 0.1599969295071546 0.15149445166203138
transition 1 9 21 0.7376379480937905 0.5937271498117076
transition 1 9 1 -0.7499447657342293 0.25477839852626105
transition 2 0 23 0.14212508624644316 1.0
transition 2 1 7 -0.8779981771172405 1.0
transition 2 2 9 -0.6769391611556665 0.2211160969393617
transition 2 2 5 0.8131399402659012 0.020689418310799453
transition 2 2 4 0.1402452172582791 0.1170257712853432
transition 2 2 22 -0.3784764674414203 0.3502504188705491
transition 2 2 13 -0.8571075776010224 0.2909182945939466
transition 2 3 14 0.8430321045587117 0.2592105424753971
transition 2 3 15 -0.24681681221666874 0.0708828869496505
transition 2 3 13 -0.988793327896581 0.24161509133586306
transition 2 3 16 -0.3413927157904202 0.22939468398706236
transition 2 3 4 0.45844897204356627 0.19889679525202691
transition 2 4 11 -0.07959970884531842 0.17429022380432527
transition 2 4 6 0.25208829397705323 0.2625361078395194
transition 2 4 9 -0.02292387446946509 0.1831210390868471
transition 2 4 10 0.9643678837671179 0.28407768953992674
transition 2 4 19 0.5701727037081874 0.09597493972938155
transition 2 5 1 -0.9262610328998546 0.2914130077431591
transition 2 5 21 0.32638724408591346 0.14228182212923127
transition 2 5 23 -0.03667332366995191 0.33890054059265534
transition 2 5 14 0.8133912982831386 0.22740462953495433
transition 2 6 18 -0.4632845611807743 0.12290827621360449
transition 2 6 23 -0.3701708345706869 0.2899469292040554
transition 2 6 19 -0.9593774202486192 0.3818228260396644
transition 2 6 16 -0.41136671078913745 0.2053219685426758
transition 2 7 9 0.3473990370414679 0.7681630141386566
transition 2 7 21 -0.003640307082800165 0.18472801680636208
transition 2 7 11 0.3033608105944192 0.04710896905498124
transition 2 8 20 -0.6111165512590135 0.404477829326337
transition 2 8 8 -0.8698512779520913 0.3603698115072925
transition 2 8 1 0.7303441218395619 0.23515235916637042
transition 2 9 3 0.49677368400446054 0.504634095155318
transition 2 9 13 0.6486704883631222 0.49536590484468196
transition 3 0 11 0.11335506662404748 1.0
transition 3 1 10 -0.6312743630189934 0.669656560381426
transition 3 1 5 -0.08723863260301856 0.1565388799499789
transition 3 1 22 0.16225870313918556 0.17380455966859523
transition 3 2 16 0.9220828931667033 0.42196309289635514
transition 3 2 12 0.6344448304142845 0.5780369071036449
transition 3 3 0 -0.818375308361524 0.04021014287987238
transition 3 3 18 0.0026205909502199365 0.4209320213888457
transition 3 3 16 0.3697165909963649 0.13088534342995667
transition 3 3 11 -0.3470091040989627 0.4079724923013253
transition 3 4 18 0.039966617577628316 1.0
transition 3 5 17 -0.7150379800919426 0.44077653881371204
transition 3 5 15 0.12731333248799714 0.14647670246126443
transition 3 5 5 -0.7125816826497406 0.41274675872502353
transition 3 6 7 -0.47099236731189253 1.0
transition 3 7 14 0.49587636572965144 0.10791940473740014
transition 3 7 5 -0.4269949080408393 0.27390908686642507
transition 3 7 11 -0.7182151858963481 0.10397571049909786
transition 3 7 21 0.4647860590876176 0.2566016799397701
transition 3 7 17 -0.016275797750084475 0.2575941179573068
transition 3 8 22 0.21465006537123554 0.9531599313580202
transition 3 8 10 -0.5566035108599965 0.04684006864197969
transition 3 9 14 0.345966343816523 0.2955429016836974
transition 3 9 9 0.8710102131609225 0.19581672447879828
transition 3 9 22 -0.5018336492083892 0.3317583243462999
transition 3 9 15 0.5564129498304244 0.17688204949120445
transition 4 0 17 -0.1842131799996416 0.36653679766918146
transition 4 0 1 -0.24104684368228235 0.18934976921918453
transition 4 0 3 0.010221510691046154 0.23183067870204085
transition 4 0 8 -0.772295389471171 0.2122827544095931
transition 4 1 23 -0.9805356576936606 0.41474131498336686
transition 4 1 20 0.2345892964705496 0.5852586850166331
transition 4 2 4 0.4983813883817261 0.33343997597555797
transition 4 2 16 0.5400835112527531 0.666560024024442
transition 4 3 7 0.8057015141757802 0.3055538619533122
transition 4 3 24 -0.3790849311842779 0.6944461380466878
transition 4 4 16 0.24932783766207267 0.3324335639680206
transition 4 4 20 -0.8936981085156219 0.5191087031070878
transition 4 4 23 -0.15760282089670397 0.14845773292489162
transition 4 5 19 -0.04964955164115037 0.4663786196353737
transition 4 5 21 0.44078112835196537 0.5336213803646264
transition 4 6 11 -0.47169270077554293 0.5774573115570013
transition 4 6 3 -0.6228938899283567 0.19851793041531962
transition 4 6 10 0.7994576491044092 0.22402475802767907
transition 4 7 1 -0.4569938676094305 0.18158356803450448
transition 4 7 22 0.8899480597769387 0.3372709134554062
transition 4 7 8 -0.5950057546412011 0.43573235662282145
transition 4 7 0 0.6755436340493166 0.04541316188726786
transition 4 8 18 0.6195526363250117 0.6182521942304754
transition 4 8 21 -0.39824135962243257 0.3817478057695245
transition 4 9 22 0.2818764134864349 0.258039729748894
transition 4 9 17 0.8600322145640045 0.20178625148828633
transition 4 9 8 0.9272408664172844 0.3244284860029239
transition 4 9 14 0.8343071273827452 0.21574553275989575
transition 5 0 23 -0.7096425332521366 1.0
transition 5 1 13 0.7901916187320761 0.5807489869835639
transition 5 1 7 -0.20392084573642788 0.3377166723731493
transition 5 1 5 0.3451871659994925 0.08153434064328674
transition 5 2 9 -0.3916545022266802 1.0
transition 5 3 0 0.9083826157161308 0.7173494392999042
transition 5 3 23 -0.8126056014736018 0.22002327535428046
transition 5 3 22 -0.12075462963411465 0.06262728534581534
transition 5 4 19 0.7121055530488474 0.721569337948134
transition 5 4 20 -0.8316297286781977 0.27843066205186584
transition 5 5 3 0.9931583324147666 1.0
transition 5 6 18 0.6555048799557657 1.0
transition 5 7 5 -0.028554416804377425 0.30358709101976106
transition 5 7 14 -0.4203496904740638 0.6964129089802389
transition 5 8 12 0.40085427329876233 0.01033678625725223
transition 5 8 11 0.38191386957207607 0.4084801530812188
transition 5 8 9 -0.9721030615317903 0.24033167518248416
transition 5 8 14 0.6036912708740185 0.09079523756851438
transition 5 8 1 -0.47858415896178474 0.2500561479105305
transition 5 9 7 -0.08289119837133807 0.5154837483183268
transition 5 9 4 -0.998499412865768 0.1695883241545929
transition 5 9 17 0.6169991513294737 0.2650120083326125
transition 5 9 5 -0.9337355432823864 0.04991591919446778
transition 6 0 9 -0.5357031650204023 0.2956096586360313
transition 6 0 11 -0.5568436687040814 0.2925518292506151
transition 6 0 2 -0.5092676718000699 0.2957097866572226
transition 6 0 24 0.40438513190016145 0.11612872545613111
transition 6 1 2 -0.07771116416273705 0.0885819630005885
transition 6 1 18 -0.9020074648906484 0.4448900835472159
transition 6 1 24 -0.6045540032166634 0.1698583865737435
transition 6 1 3 -0.9272584053311907 0.2966695668784521
transition 6 2 23 -0.6123604238560618 0.17912250965444262
transition 6 2 6 -0.06081362980337923 0.8208774903455573
transition 6 3 0 0.6705304167576034 1.0
transition 6 4 5 -0.12052368739650832 0.25522269886899196
transition 6 4 17 -0.29392805211480044 0.3134819908592804
transition 6 4 7 -0.14721239600601232 0.20406112794509393
transition 6 4 15 0.6732249924558553 0.033347580938783386
transition 6 4 8 0.3866332098426528 0.1938866013878504
transition 6 5 23 -0.04901221174163761 1.0
transition 6 6 22 0.7785990824842843 0.1731465270436159
transition 6 6 18 0.9876711567485543 0.05909576125155534
transition 6 6 0 0.11295564874971387 0.35462721650179246
transition 6 6 8 0.8658559536691939 0.41313049520303624
transition 6 7 23 0.8842483567225807 0.35500029510436437
transition 6 7 19 -0.4843164903663477 0.01788687337557191
transition 6 7 5 0.9775149395711413 0.6271128315200637
transition 6 8 9 0.8434460904826715 0.2317081612528135
transition 6 8 24 0.11168368718324717 0.1282122280696217
transition 6 8 6 0.24002952241973152 0.20021517072655035
transition 6 8 21 0.011625960118631262 0.250266807440993
transition 6 8 8 -0.11039186058589978 0.18959763251002143
transition 6 9 14 0.5259592152112031 0.21431687565363355
transition 6 9 6 -0.3205007487225169 0.2054792769878028
transition 6 9 5 -0.1850797600774685 0.21138985353212295
transition 6 9 11 0.6609324999363195 0.26574885965083755
transition 6 9 19 -0.9252525851290274 0.10306513417560317
transition 7 0 6 0.6424409883995512 0.13034618373416237
transition 7 0 8 0.9435144740442611 0.25561548622074004
transition 7 0 14 0.41886793238135245 0.13978480145959324
transition 7 0 20 -0.2624878168729772 0.2750153996359126
transition 7 0 15 0.8310244422664801 0.19923812894959173
transition 7 1 16 0.985141791103141 1.0
transition 7 2 16 0.5008512134508358 0.29311189890766104
transition 7 2 23 0.25418640138678206 0.2972719603962771
transition 7 2 5 -0.8219794526991151 0.20550370187661923
transition 7 2 0 0.6226881117226144 0.2024571491771086
transition 7 2 21 -0.5898321862563993 0.0016552896423340233
transition 7 3 2 -0.727169338440691 0.10579682848350667
transition 7 3 12 0.5670774113011923 0.8942031715164933
transition 7 4 10 0.3374487773416588 1.0
transition 7 5 13 0.7866460180170765 0.6237668867380225
transition 7 5 19 -0.2714472865558957 0.1913863175002137
transition 7 5 6 -0.34906068232442666 0.18484679576176383
transition 7 6 4 0.45349390218944996 0.2315056595962282
transition 7 6 0 0.8986310641065098 0.45052090448162446
transition 7 6 5 0.36927647978760825 0.16665256683187274
transition 7 6 20 0.3911275702734891 0.15132086909027467
transition 7 7 12 -0.28290675106560803 1.0
transition 7 8 6 0.774030685767295 1.0
transition 7 9 0 -0.7760835378916013 1.0
transition 8 0 11 -0.26088966372470357 0.4553650219398156
transition 8 0 5 0.7216302828129197 0.1874568445768137
transition 8 0 21 0.21935043201415216 0.3571781334833708
transition 8 1 20 -0.287267734141621 0.30147766543066695
transition 8 1 14 -0.8455024199462893 0.698522334569333
transition 8 2 9 -0.5425086132067347 0.9235268237232149
transition 8 2 0 0.9343464483377102 0.07647317627678502
transition 8 3 6 0.3304832809321392 0.19617240792980792
transition 8 3 3 0.7841292394540844 0.1655415607460808
transition 8 3 4 -0.20101674104186595 0.09563687526319027
transition 8 3 20 -0.0010778167948020112 0.5426491560609209
transition 8 4 16 -0.4597533097267743 0.1923629761050535
transition 8 4 21 -0.4949126432323354 0.797305708890985
transition 8 4 1 0.09953284320774602 0.010331315003961585
transition 8 5 10 -0.4088003383580352 0.8231430296588895
transition 8 5 5 -0.8391555575594307 0.17685697034111042
transition 8 6 2 0.4168127762266478 0.4042874674190832
transition 8 6 4 -0.37555064291283613 0.5957125325809168
transition 8 7 8 -0.6216826728058056 1.0
transition 8 8 9 0.8615032006540249 0.37254247979999067
transition 8 8 10 -0.37397451933053616 0.40099289285435685
transition 8 8 24 -0.6500238270662284 0.07838621487959792
transition 8 8 13 0.0077097097907370404 0.12259199462157506
transition 8 8 5 -0.24447632924214213 0.025486417844479463
transition 8 9 16 0.8053524477855598 1.0
transition 9 0 4 -0.8362983618872217 1.0
transition 9 1 3 -0.8186586858370859 0.6277070927119544
transition 9 1 16 -0.9559857754874399 0.10016116469269618
transition 9 1 6 -0.9376224452775592 0.27213174259534945
transition 9 2 21 -0.19241413262026663 0.6088871079124513
transition 9 2 16 -0.4243789249795391 0.3911128920875487
transition 9 3 17 -0.476794663280224 0.8234045841593466
transition 9 3 22 -0.005168748611835028 0.17659541584065344
transition 9 4 19 0.49955433435754415 0.047477912616155235
transition 9 4 22 -0.06896404829193736 0.6941648720536193
transition 9 4 4 -0.011240417618006981 0.2583572153302255
transition 9 5 14 0.8735026738128353 0.3001568833424009
transition 9 5 8 -0.38608653619804567 0.6998431166575991
transition 9 6 19 -0.4253291669023236 1.0
transition 9 7 1 -0.6538698610636993 1.0
transition 9 8 0 0.20949651108697487 0.11756345126443495
transition 9 8 10 0.3843302616084949 0.02671755765056461
transition 9 8 16 0.5587452174580243 0.1207656813519214
transition 9 8 1 -0.2084646486229178 0.2844756183093391
transition 9 8 15 0.799791350789983 0.4504776914237399
transition 9 9 11 0.8153515930231792 0.720843462393126
transition 9 9 0 0.712508199757538 0.27915653760687403
transition 10 0 17 0.09422221700898836 0.22829230486749844
transition 10 0 21 0.983769481519043 0.5195996134926343
transition 10 0 2 -0.11113689245640379 0.2521080816398674
transition 10 1 21 0.7600952883448 0.00993314274742576
transition 10 1 15 -0.2841916837875371 0.08741108629055344
transition 10 1 6 0.8727628345587966 0.6570806765645206
transition 10 1 7 -0.507496574222579 0.2455750943975001
transition 10 2 0 0.7134423309234081 0.30646166126474167
transition 10 2 18 0.8330727637014832 0.41486881629076133
transition 10 2 8 -0.821585572949286 0.27866952244449694
transition 10 3 18 -0.7317732877994494 0.4311671194731787
transition 10 3 20 -0.20844487578920745 0.07329562474224516
transition 10 3 11 -0.4726516313078264 0.4915776180658106
transition 10 3 24 -0.9820136926511962 0.003959637718765492
transition 10 4 22 0.3344040484709099 0.11282011819038695
transition 10 4 0 0.19782642324865995 0.17329754669277633
transition 10 4 12 -0.5864811690535321 0.6560870998398239
transition 10 4 23 -0.0021359006377570378 0.05779523527701288
transition 10 5 8 -0.1005975917268025 1.0
transition 10 6 19 0.22095155047099047 0.38380217200375655
transition 10 6 17 0.7909450923838424 0.33922260282295325
transition 10 6 7 0.6127021081946611 0.2769752251732902
transition 10 7 23 0.3629103109840379 0.23201481637964771
transition 10 7 0 -0.1120185817029089 0.5036169901901193
transition 10 7 14 0.14901674120460773 0.26436819343023304
transition 10 8 17 0.7298669916293108 0.024332698390067357
transition 10 8 18 -0.3626756179249524 0.29739885168928715
transition 10 8 16 0.6708323431359058 0.21341344394317047
transition 10 8 12 0.6536590943073941 0.11651696491473494
transition 10 8 14 -0.7652384925022475 0.3483380410627401
transition 10 9 3 0.010234402583864322 0.20189577449154833
transition 10 9 0 -0.5181041292764255 0.4165020277932002
transition 10 9 11 0.46961417118812254 0.060383694249395346
transition 10 9 4 0.2635603122033583 0.3212185034658561
transition 11 0 12 -0.6491346047821491 0.5015094384828909
transition 11 0 15 -0.17130659953735594 0.4984905615171091
transition 11 1 24 0.29237043071789715 0.2960347520209352
transition 11 1 8 -0.5280319462568424 0.7039652479790648
transition 11 2 4 -0.6244948135460295 0.4628977119658748
transition 11 2 18 -0.8749657702893154 0.5371022880341252
transition 11 3 19 -0.970650539221444 0.09602663653500103
transition 11 3 20 0.811364463220186 0.4305973288115202
transition 11 3 14 -0.9243560072387802 0.1930762690384305
transition 11 3 13 0.4058963452016362 0.28029976561504827
transition 11 4 20 -0.5311098005842949 1.0
transition 11 5 5 0.2925514587358644 0.13738427145742485
transition 11 5 15 0.9613444616769837 0.18760159803921106
transition 11 5 8 0.8256136603220106 0.344270863713929
transition 11 5 18 0.4617910109349108 0.3307432667894351
transition 11 6 7 0.1860701283709214 0.12972629721162135
transition 11 6 14 0.08162893548446104 0.20720874130294736
transition 11 6 21 -0.28438544517141673 0.18930204277611204
transition 11 6 5 0.14012615510158977 0.24958345393947579
transition 11 6 13 -0.017071398813380156 0.2241794647698435
transition 11 7 10 -0.7509840372588161 0.1827770185351453
transition 11 7 21 0.6642615992039544 0.5768709319956563
transition 11 7 13 0.3782111788040716 0.24035204946919847
transition 11 8 9 0.4026626586903699 0.0714122810543523
transition 11 8 20 0.3526492556310554 0.3587338892763995
transition 11 8 15 0.3466558805678486 0.35499094939348097
transition 11 8 6 -0.6253306033734309 0.21486288027576722
transition 11 9 5 0.16078423045806023 0.035286004851223976
transition 11 9 14 -0.004314197199768666 0.37259035677590774
transition 11 9 0 0.3242022093656569 0.11886625078026085
transition 11 9 19 0.9713887807379658 0.47325738759260744
transition 12 0 17 -0.35837666550835356 0.059688299796929314
transition 12 0 5 -0.5990005613354223 0.9403117002030706
transition 12 1 12 -0.8940594965325686 0.2378500877605993
transition 12 1 5 0.35255347091495337 0.20324939047389856
transition 12 1 11 -0.2806971446591304 0.14151062630293898
transition 12 1 16 0.06806697113064786 0.14750098830015182
transition 12 1 15 -0.8345107203492297 0.2698889071624113
transition 12 2 2 0.25442241666282883 1.0
transition 12 3 22 0.4021813130728691 0.33433276780606697
transition 12 3 21 -0.9999438902049267 0.07227958129441515
transition 12 3 3 0.9854302257698397 0.3107705565143928
transition 12 3 7 0.1477751762400794 0.28261709438512506
transition 12 4 16 0.12870388619999007 0.09871325046414672
transition 12 4 20 0.5068697439134597 0.3558485212103343
transition 12 4 15 -0.27744786868642746 0.3411794977959808
transition 12 4 24 0.44427554684455917 0.2042587305295383
transition 12 5 4 -0.6108615599527307 0.6082471300271134
transition 12 5 22 0.010884067657864094 0.3917528699728866
transition 12 6 10 -0.07506980580420519 0.417553294086618
transition 12 6 16 0.36113605163789986 0.582446705913382
transition 12 7 24 -0.2152446777698176 0.805906165644319
transition 12 7 7 -0.038247700386483396 0.1940938343556809
transition 12 8 2 0.9298307381961888 0.08802609013130555
transition 12 8 9 0.6119293191627331 0.004672068042869283
transition 12 8 12 0.10669802714254817 0.44663305591499514
transition 12 8 3 -0.321154064644287 0.22513092157125225
transition 12 8 11 -0.8620436786697865 0.23553786433957785
transition 12 9 17 -0.6790302208848105 0.43992864518805075
transition 12 9 19 -0.5530511916225089 0.48340977033163984
transition 12 9 2 -0.5320945899502969 0.07666158448030935
transition 13 0 9 -0.7176984751487321 1.0
transition 13 1 24 -0.25675249448854975 0.3425076857469644
transition 13 1 3 -0.7313220559729081 0.23623834647785355
transition 13 1 2 -0.9031273086668634 0.23619898626657893
transition 13 1 23 -0.9739069752661742 0.18505498150860308
transition 13 2 0 -0.3886163182443525 0.0780015466579056
transition 13 2 15 0.09088954034235885 0.3168755379581793
transition 13 2 17 -0.6730072867346819 0.33666322436725865
transition 13 2 11 0.8752396004434848 0.23397050180480966
transition 13 2 1 0.7081668181924508 0.03448918921184676
transition 13 3 16 -0.36065514325287085 0.3450100786372383
transition 13 3 24 0.10467079330311346 0.24490910713875771
transition 13 3 12 0.7458214819566038 0.07505914291978005
transition 13 3 11 -0.4755886914159604 0.009609126572571298
transition 13 3 13 -0.45201965562508106 0.32541254473165254
transition 13 4 7 -0.551743435395325 0.06652839677709399
transition 13 4 16 -0.301841298441075 0.25810933393365776
transition 13 4 5 -0.23598661471860205 0.6753622692892483
transition 13 5 10 0.6939430324993066 0.38063370680730396
transition 13 5 11 -0.6664890977228533 0.17488169644329102
transition 13 5 22 -0.09875894460690815 0.4172488874807695
transition 13 5 0 0.9841219222599884 0.02723570926863557
transition 13 6 1 -0.2288719695722381 0.7209040498688296
transition 13 6 0 -0.5049983604778432 0.2790959501311703
transition 13 7 20 -0.4352693673155328 0.4651645495305855
transition 13 7 9 -0.687818508688649 0.5348354504694145
transition 13 8 4 0.5737272027848128 0.39076772836025064
transition 13 8 18 0.7327764819467211 0.5247279326323848
transition 13 8 1 -0.2789792747280615 0.08450433900736447
transition 13 9 8 0.766779031358485 0.1377824634482903
transition 13 9 10 -0.44077636757571925 0.28751564409863256
transition 13 9 7 0.8852191355472896 0.2728796283837527
transition 13 9 18 -0.575616621291404 0.1496451516187158
transition 13 9 20 -0.015888139355320074 0.1521771124506087
transition 14 0 20 -0.04942268749286827 0.13447452261963094
transition 14 0 24 0.889393077884892 0.2629510663468473
transition 14 0 15 -0.09699937183610996 0.32250545734225733
transition 14 0 14 0.8489726108188345 0.28006895369126433
transition 14 1 2 -0.755546903401729 0.1425310029382075
transition 14 1 1 0.28347760879942774 0.4275270744863716
transition 14 1 24 -0.6989525001196122 0.4299419225754208
transition 14 2 5 -0.8998541738929997 0.36570823480453585
transition 14 2 8 0.7364903523361424 0.5186758889904315
transition 14 2 21 0.3684532105489582 0.11561587620503272
transition 14 3 3 -0.39348021651371234 0.3085819403591122
transition 14 3 10 0.09717267957919806 0.09197639530959931
transition 14 3 11 -0.9044881657350454 0.08727677935866189
transition 14 3 24 -0.3542068382153347 0.18750435692432926
transition 14 3 13 -0.09799923645285546 0.32466052804829737
transition 14 4 18 0.6191797871167009 0.35542906872662733
transition 14 4 6 0.701124174455912 0.05124052632767777
transition 14 4 1 0.8244309124023541 0.2425417971096347
transition 14 4 21 -0.12990614864165728 0.33807511285891856
transition 14 4 14 -0.3000630663706598 0.012713494977141651
transition 14 5 18 -0.6609636400803136 0.1615789512027951
transition 14 5 15 -0.9926318922350146 0.8384210487972049
transition 14 6 19 0.4730876356783118 0.3161234144177869
transition 14 6 7 -0.5746478112006608 0.3323324793068069
transition 14 6 2 -0.1613041828612587 0.35154410627540605
transition 14 7 8 -0.44983286862216443 0.38586494655522
transition 14 7 12 0.3294451369698286 0.24956720895831194
transition 14 7 6 0.147387335485883 0.364567844486468
transition 14 8 4 0.71397696496899 0.2627533837413918
transition 14 8 18 0.2403295804441905 0.26662248763351576
transition 14 8 22 -0.41876347067470854 0.24649402051989816
transition 14 8 6 0.9244557898130501 0.2241301081051943
transition 14 9 0 -0.9033193211302852 0.1946281867788609
transition 14 9 17 -0.0815393552562631 0.19798516568749983
transition 14 9 7 -0.9809437374115966 0.19432837756768645
transition 14 9 3 0.004933790470668109 0.18071089819728167
transition 14 9 13 -0.4266229022352661 0.2323473717686712
transition 15 0 7 0.37682228046491484 0.055748061626546275
transition 15 0 15 0.9946061935784392 0.682012223918127
transition 15 0 0 0.4818741880292865 0.2622397144553267
transition 15 1 18 0.27673715594338133 0.14167072486118562
transition 15 1 15 -0.05138911922944134 0.01270002009995959
transition 15 1 10 -0.684694470721295 0.18262488359191856
transition 15 1 22 0.7467033772399974 0.4249174123776977
transition 15 1 13 -0.8548943293313289 0.23808695906923844
transition 15 2 15 -0.5019662199016932 1.0
transition 15 3 4 -0.4132514984064293 1.0
transition 15 4 18 0.17071064486689114 1.0
transition 15 5 18 -0.8301942882796569 0.4987692911161211
transition 15 5 17 -0.7186619300666119 0.5012307088838789
transition 15 6 23 0.6180927253675859 0.8406684065625446
transition 15 6 13 0.5114460356218979 0.15933159343745543
transition 15 7 9 0.7809582907251791 0.23126827692026222
transition 15 7 4 0.5548683277880373 0.26816284955535824
transition 15 7 11 -0.7538865141896456 0.3461187570036965
transition 15 7 20 0.8687517217289171 0.15445011652068308
transition 15 8 0 -0.27208336290408863 1.0
transition 15 9 7 -0.9736438191366372 0.5272361380737874
transition 15 9 2 0.2526942963821035 0.1704051066866905
transition 15 9 10 0.8687032348841148 0.3023587552395221
transition 16 0 9 -0.6632214356700874 0.3130370488319496
transition 16 0 16 -0.7015270013368251 0.6869629511680504
transition 16 1 8 -0.8324869901399223 0.581539329967319
transition 16 1 1 0.7327432738434478 0.41846067003268084
transition 16 2 16 -0.10632190442022815 0.1882746743106203
transition 16 2 8 0.2250757779714383 0.20240424031042092
transition 16 2 2 0.5094924709879336 0.19059805201245764
transition 16 2 23 0.5583290581562621 0.1679188924024099
transition 16 2 21 0.4620089083934755 0.2508041409640912
transition 16 3 11 -0.8550557962022076 0.34463300729825613
transition 16 3 24 -0.8045754948101411 0.10561921012641104
transition 16 3 8 -0.4511078414820089 0.16267648845811733
transition 16 3 4 0.9428149751276158 0.07908815511658486
transition 16 3 22 -0.3698058414945704 0.3079831390006306
transition 16 4 20 0.8484884983891687 0.14162679395131902
transition 16 4 10 0.0947171597537455 0.3964259708000975
transition 16 4 2 -0.937988978824327 0.23649446046937825
transition 16 4 6 -0.37272723488151716 0.2254527747792052
transition 16 5 20 -0.17981163917623677 1.0
transition 16 6 11 0.9427521213434218 0.3296805268217353
transition 16 6 1 0.3695422536041628 0.054004256455065916
transition 16 6 16 0.6683170213513061 0.30441962969672626
transition 16 6 9 0.49131131058515143 0.02463269814032916
transition 16 6 18 -0.7290694186162363 0.28726288888614326
transition 16 7 20 -0.9402945282537141 0.19001547381088574
transition 16 7 3 0.8158007241438476 0.2881496327683813
transition 16 7 9 -0.8237936986888463 0.29502987722900087
transition 16 7 17 -0.754488641045115 0.22680501619173207
transition 16 8 15 0.3252906390974486 1.0
transition 16 9 12 0.022298699205835826 0.2139753133221575
transition 16 9 8 -0.9687460245255433 0.7860246866778424
transition 17 0 21 -0.18501281443140272 0.06466710844685758
transition 17 0 10 -0.0007272266490201407 0.9353328915531425
transition 17 1 2 -0.4907579930697479 1.0
transition 17 2 5 -0.7789785820928379 0.22118830483144686
transition 17 2 6 -0.13441749072997045 0.22884262801720925
transition 17 2 1 0.3306319411047516 0.18446933467913024
transition 17 2 12 0.7121853035206502 0.06936771531471302
transition 17 2 4 -0.10857650620865367 0.2961320171575006
transition 17 3 23 -0.2318432129201069 0.2771752943600757
transition 17 3 22 -0.539203720611894 0.13128817313221955
transition 17 3 16 0.05890893225653171 0.12790363611566027
transition 17 3 0 0.6458095267812494 0.2352540711712885
transition 17 3 8 -0.5442748832492117 0.22837882522075603
transition 17 4 4 -0.09189563236916709 0.2641298090208073
transition 17 4 18 -0.7287220075238356 0.05177213688399769
transition 17 4 5 0.07391447885696234 0.684098054095195
transition 17 5 0 -0.5893137404106445 0.34054145263692687
transition 17 5 19 0.3313847095832372 0.34449961701397835
transition 17 5 16 0.16694995746211805 0.3149589303490949
transition 17 6 2 0.9040705982152342 0.6093430081592075
transition 17 6 3 0.9490611286921802 0.3252438953661441
transition 17 6 8 -0.2373937484106563 0.06541309647464842
transition 17 7 17 0.23307340661999487 1.0
transition 17 8 0 0.9344787834991413 1.0
transition 17 9 14 -0.10990118666394122 0.5026724536182359
transition 17 9 15 -0.5071871117293374 0.497327546381764
transition 18 0 11 0.5884298615680992 0.13754964181292262
transition 18 0 5 0.3425699238194304 0.7319486191077793
transition 18 0 6 -0.7038218941393133 0.13050173907929805
transition 18 1 2 -0.9302819239030753 0.7410287443797926
transition 18 1 13 -0.6314598538614513 0.2589712556202073
transition 18 2 10 0.7327007286773475 0.023330085246303606
transition 18 2 15 -0.12884215343721772 0.14786128623368158
transition 18 2 6 0.1549505241493927 0.26546758665762876
transition 18 2 8 0.3317207287707755 0.24713670514142275
transition 18 2 23 0.8285486052248989 0.3162043367209632
transition 18 3 9 -0.7602951277143688 0.3646677252802279
transition 18 3 3 0.4489516115182157 0.0817953683525889
transition 18 3 21 0.06571031390040338 0.5535369063671832
transition 18 4 0 0.19470357200029365 0.29850370883961413
transition 18 4 14 -0.3729929082836043 0.3052959375398174
transition 18 4 10 0.76235092660603 0.2672514841074382
transition 18 4 4 0.5752028492402317 0.12894886951313037
transition 18 5 24 -0.34883022305343037 0.3508153962299848
transition 18 5 4 -0.4502131301115391 0.08663970178412636
transition 18 5 1 0.6092395871434941 0.20936507477147118
transition 18 5 23 -0.5216740314115544 0.14817323250423237
transition 18 5 9 -0.040289729349244796 0.20500659471018529
transition 18 6 11 -0.1661442327141056 1.0
transition 18 7 8 -0.35067565117877275 0.35089883701712526
transition 18 7 1 -0.41976053219095544 0.6491011629828748
transition 18 8 7 -0.5963829648272565 0.45204750906200936
transition 18 8 0 -0.9827674056502711 0.2961560519832437
transition 18 8 5 0.16797863300313098 0.06091861377029573
transition 18 8 9 -0.3347524083560698 0.019045155233738825
transition 18 8 4 -0.3039918693579131 0.17183266995071236
transition 18 9 2 -0.6683365839116251 1.0
transition 19 0 19 -0.5195122603773661 1.0
transition 19 1 17 -0.5537997258934946 0.01942681956567004
transition 19 1 6 -0.2371502773664922 0.8643157628673008
transition 19 1 19 -0.38367328006173884 0.11625741756702918
transition 19 2 21 0.40206554969527564 0.20841465424050046
transition 19 2 6 0.8161049005957437 0.04545371801181562
transition 19 2 23 0.8006129468984597 0.3831934733345746
transition 19 2 19 0.25613594122566363 0.19438988513309716
transition 19 2 17 -0.9169515136539068 0.16854826928001213
transition 19 3 19 0.1873656747549357 0.3163233122385976
transition 19 3 11 -0.017009052829598748 0.4081698369345009
transition 19 3 9 0.15763967715073823 0.2755068508269015
transition 19 4 23 -0.1951615072679822 1.0
transition 19 5 4 0.46178140264306267 0.07741094633190833
transition 19 5 16 0.6006201653952701 0.7295961908983898
transition 19 5 18 -0.0444020048359679 0.10337928456015047
transition 19 5 20 0.9176370702308212 0.08961357820955142
transition 19 6 17 0.26613748739702014 0.01418472541698801
transition 19 6 22 -0.9145047930019092 0.985815274583012
transition 19 7 21 -0.06876830904739362 0.48497239528530245
transition 19 7 8 -0.21552511133080055 0.3696064492124938
transition 19 7 1 0.6763083312776055 0.1454211555022037
transition 19 8 3 -0.46862686928769604 0.5991440651691412
transition 19 8 0 -0.6205440806194091 0.00936838100750564
transition 19 8 24 0.14124839473819373 0.2660187830303201
transition 19 8 7 -0.638212643011778 0.1254687707930331
transition 19 9 16 0.7735727317026466 0.28140326096621976
transition 19 9 21 -0.7147426439529583 0.7185967390337802
transition 20 0 24 -0.7292805113999721 1.0
transition 20 1 12 -0.7231567187679124 0.24275477667675108
transition 20 1 24 -0.5443052106237567 0.06096031061631656
transition 20 1 0 -0.9953088826592307 0.07927078866420434
transition 20 1 14 -0.5234365927521689 0.35361572244710704
transition 20 1 6 -0.6323314080757743 0.26339840159562095
transition 20 2 18 -0.9206556205977501 0.5028194697168149
transition 20 2 13 -0.9571937832665982 0.49718053028318504
transition 20 3 23 0.3150804577891799 0.27860913405132703
transition 20 3 7 0.2250794229875337 0.35406048908295407
transition 20 3 0 0.379129768697704 0.1943495331224132
transition 20 3 5 0.3723565929538315 0.12922486892379706
transition 20 3 10 -0.3456468089844058 0.04375597481950871
transition 20 4 2 -0.7173921049664358 0.27375629346647723
transition 20 4 17 0.7665469921017709 0.12998877800006345
transition 20 4 7 -0.7566905771672845 0.3685578808104056
transition 20 4 1 -0.24241825534057204 0.2276970477230538
transition 20 5 0 0.5718604999168282 0.8532853000282682
transition 20 5 4 -0.655727326340853 0.14671469997173178
transition 20 6 9 0.5084333358225368 0.0587232248115725
transition 20 6 4 0.6835283557110539 0.9412767751884275
transition 20 7 13 -0.9607662661279315 0.053611992992179405
transition 20 7 23 0.9452379206787258 0.44152784556237373
transition 20 7 18 0.18458169626601317 0.504860161445447
transition 20 8 11 0.09392770933634664 0.6842916257854906
transition 20 8 3 0.02457246343756725 0.3157083742145094
transition 20 9 19 0.17333964741631247 0.05063320163504371
transition 20 9 1 -0.16333308302466487 0.28996230070685525
transition 20 9 18 0.31664898264289176 0.2704863391094959
transition 20 9 12 0.7930060731269237 0.33299686421376523
transition 20 9 11 0.9056216608553624 0.05592129433483995
transition 21 0 21 -0.9723465687595376 0.6039737064570855
transition 21 0 8 -0.21372848094698438 0.3960262935429145
transition 21 1 22 0.6059511676639082 0.16744873473478744
transition 21 1 15 -0.8484185296089561 0.4551057006445559
transition 21 1 13 -0.24667827489770078 0.37744556462065654
transition 21 2 2 0.789290455121908 1.0
transition 21 3 7 -0.6535104723120535 0.459699398707517
transition 21 3 21 -0.20650754553705442 0.3449647406644081
transition 21 3 1 0.10460216824497381 0.19533586062807481
transition 21 4 0 -0.8966907726334805 0.7802617192456242
transition 21 4 6 -0.13208125858277064 0.21973828075437588
transition 21 5 8 0.8330766630151603 0.482352280035998
transition 21 5 15 -0.6445773390793335 0.2862848126213212
transition 21 5 2 -0.7222827189519745 0.010229889986506905
transition 21 5 5 -0.3141680096951929 0.029392319056362512
transition 21 5 17 -0.3144128525721024 0.19174069829981139
transition 21 6 11 0.5038003543456107 0.27046341375694594
transition 21 6 15 -0.3991821410547314 0.31153056402223805
transition 21 6 22 0.5530285513797928 0.418006022220816
transition 21 7 19 0.5477558809846454 0.5186491917290295
transition 21 7 20 -0.9630003782518841 0.22735016379749404
transition 21 7 2 0.3797516922641617 0.043870088178851414
transition 21 7 10 -0.13796581434813215 0.21013055629462513
transition 21 8 17 0.8511815234226265 1.0
transition 21 9 3 -0.03691683283491498 0.586756060591708
transition 21 9 21 -0.16997418267152486 0.17270415824080904
transition 21 9 12 0.7892499094171403 0.24053978116748295
transition 22 0 5 -0.3328601112483842 0.13224900194496234
transition 22 0 4 0.7401924498407684 0.6275184563898374
transition 22 0 19 0.34340655904228257 0.24023254166520033
transition 22 1 4 -0.6575728835725929 0.9169459650901202
transition 22 1 10 0.9588478754688607 0.08305403490987981
transition 22 2 7 0.5504227028063919 0.3343746143953816
transition 22 2 22 -0.03745351834758592 0.6656253856046184
transition 22 3 18 -0.22251797931559358 0.06606147254659747
transition 22 3 2 -0.4300635285744048 0.23898890273419623
transition 22 3 10 0.6306814033616732 0.1783814173694079
transition 22 3 5 0.46691604466881076 0.5165682073497982
transition 22 4 1 0.3679224491273818 0.041058041733610356
transition 22 4 14 0.39418588453856485 0.17202980000957757
transition 22 4 16 0.682183687612447 0.38788155162341115
transition 22 4 9 -0.2118049263032793 0.399030606633401
transition 22 5 0 -0.9071035370325706 0.36279461654755857
transition 22 5 22 0.51207484857415 0.6372053834524415
transition 22 6 19 -0.35835749589064103 0.1858416168617927
transition 22 6 12 0.06518931462019695 0.12174129613322027
transition 22 6 1 -0.2275312784829231 0.19640230875936163
transition 22 6 5 -0.6203112003310327 0.3380323656822627
transition 22 6 0 -0.7092445869848258 0.1579824125633626
transition 22 7 10 -0.4943758590292142 0.307213147399582
transition 22 7 16 -0.17059362872523365 0.43440112622789573
transition 22 7 0 -0.22778697639671286 0.0009473093558287947
transition 22 7 15 0.23555220062652582 0.17676917999116823
transition 22 7 6 0.5979376338005482 0.08066923702552523
transition 22 8 8 -0.8290535981822269 0.310261728178887
transition 22 8 20 -0.8939435249240373 0.1846735766426152
transition 22 8 3 0.4939208580580743 0.1006822595759745
transition 22 8 10 -0.8493876995212224 0.10971033375487163
transition 22 8 2 -0.6334433326991264 0.2946721018476516
transition 22 9 21 0.5454232199311015 1.0
transition 23 0 3 0.4371526792730185 0.09748720060712757
transition 23 0 20 0.37937629554206254 0.23482758899131223
transition 23 0 9 -0.5302373850200541 0.043286059970720214
transition 23 0 17 0.24921564844823707 0.4003906890840593
transition 23 0 0 0.9494988925274876 0.22400846134678076
transition 23 1 1 -0.09904680099169827 0.38102741468120666
transition 23 1 15 0.09816401013564158 0.15378367937023696
transition 23 1 18 -0.7062790449535459 0.1397591591836563
transition 23 1 5 0.1234724981120705 0.32542974676490016
transition 23 2 5 -0.68116123144627 0.541059548737401
transition 23 2 12 -0.35451081241412674 0.34600377764621976
transition 23 2 15 -0.3446839888811699 0.04171932691461778
transition 23 2 18 -0.033028120775796754 0.07121734670176134
transition 23 3 17 0.38691703916040177 1.0
transition 23 4 13 -0.04211158562951778 1.0
transition 23 5 23 -0.6650518956365874 0.11923719300852498
transition 23 5 17 0.12709346975974278 0.880762806991475
transition 23 6 11 -0.9912345092509942 1.0
transition 23 7 14 0.8806232941793377 0.30781848412713286
transition 23 7 12 -0.07352285729131225 0.30331756395556014
transition 23 7 13 -0.636895465136091 0.3888639519173071
transition 23 8 2 0.0671253214002443 0.6199627636541192
transition 23 8 11 -0.06696693385573727 0.3800372363458808
transition 23 9 10 0.9466847082096745 0.1444635943655062
transition 23 9 4 0.9782817278526885 0.09274790849457036
transition 23 9 16 -0.9319707302997149 0.3976499265664893
transition 23 9 0 -0.6033067466954667 0.19880519848585754
transition 23 9 5 -0.534313788389627 0.16633337208757662
transition 24 0 24 0.7315224869812937 1.0
transition 24 1 0 -0.08672172780622422 0.148203143824973
transition 24 1 12 -0.43179307055976324 0.851796856175027
transition 24 2 2 0.5947609832977492 0.40211677255604633
transition 24 2 12 -0.3953673920469005 0.1783401824870303
transition 24 2 7 -0.10649145290365514 0.24618082433165064
transition 24 2 4 -0.8772759965737373 0.012653854671607253
transition 24 2 5 -0.460239212297759 0.16070836595366558
transition 24 3 23 -0.5779793422298434 1.0
transition 24 4 9 0.3846227921979968 0.01699529525360928
transition 24 4 4 0.6015835372788283 0.21693842175348133
transition 24 4 3 -0.14478571923765005 0.38326093311175347
transition 24 4 17 -0.46469186354593406 0.19889919052526978
transition 24 4 11 0.9922198021537043 0.1839061593558861
transition 24 5 18 0.21037340571079377 0.3790125063988217
transition 24 5 11 0.8156388236170025 0.3764901574134647
transition 24 5 12 0.5536586900053864 0.24449733618771358
transition 24 6 19 -0.35348813755803143 0.09974654993301411
transition 24 6 6 -0.584817623452339 0.1495432954052263
transition 24 6 2 0.22820131875453487 0.03579524310733412
transition 24 6 9 -0.9430432278554912 0.30336382707892834
transition 24 6 24 -0.6265776820882378 0.41155108447549704
transition 24 7 18 -0.056499873859663596 0.47968720558702654
transition 24 7 6 0.6156166448151752 0.38704088454543106
transition 24 7 20 0.030970238099902625 0.13327190986754237
transition 24 8 15 -0.3325068845924768 0.2808329533403528
transition 24 8 20 0.43624667273290885 0.7191670466596473
transition 24 9 11 0.8485255375588276 1.0
mdptype continuing
discount  0.8
