numStates 10
numActions 5
end -1
transition 0 0 7 0.5768070370432827 0.6853778155821684
transition 0 0 0 -0.9717573021196324 0.3146221844178315
transition 0 1 2 0.08029871430325963 0.4089022444703594
transition 0 1 1 0.38783081048443613 0.5910977555296407
transition 0 2 5 -0.1973135101094301 1.0
transition 0 3 2 0.1178851846906257 1.0
transition 0 4 0 -0.22681344649635804 0.32538124332905655
transition 0 4 5 -0.9463286722582485 0.44986695281357686
transition 0 4 1 -0.8134749359049838 0.22475180385736668
transition 1 0 9 0.252994140210856 0.4100503853432509
transition 1 0 5 0.6673171956401109 0.10839604834216866
transition 1 0 7 -0.33524360736290504 0.07440262076417205
transition 1 0 0 0.5237042396848881 0.40715094555040837
transition 1 1 7 0.9228595307746643 0.6427345429090077
transition 1 1 9 0.18103759012017795 0.35726545709099244
transition 1 2 5 -0.8851380968541085 0.022451853555742234
transition 1 2 1 -0.42403842431048133 0.16056309851279715
transition 1 2 7 0.7066143640574307 0.25481735384403176
transition 1 2 6 0.31685249939374116 0.5621676940874287
transition 1 3 5 0.7988778179625242 0.29437732594433613
transition 1 3 6 -0.2685504437205448 0.7056226740556639
transition 1 4 6 -0.23526819519253483 0.16703432100415525
transition 1 4 3 -0.7482346601191994 0.12790704371684267
transition 1 4 0 0.43137525057048576 0.48940982490412865
transition 1 4 2 -0.47115794429650104 0.21564881037487335
transition 2 0 7 0.5722902587179237 0.12015156149946195
transition 2 0 5 -0.8562207539776541 0.37231571457595275
transition 2 0 4 -0.7618551007610073 0.15661100547533569
transition 2 0 1 -0.43732033481407107 0.3509217184492496
transition 2 1 4 0.5814509828268069 0.08153199953231328
transition 2 1 5 -0.9843543114118571 0.3309181441588861
transition 2 1 7 -0.07224057816769314 0.11762842734283022
transition 2 1 0 -0.8730171561548572 0.32405571308382913
transition 2 1 1 0.5278401906332744 0.1458657158821412
transition 2 2 1 0.09083642961352356 1.0
transition 2 3 6 0.9536954045492765 0.03504471579111116
transition 2 3 3 -0.2895482917828127 0.033766387682584616
transition 2 3 0 -0.36380340668619304 0.3749659957147052
transition 2 3 1 0.9864345851581267 0.3499097309927978
transition 2 3 7 -0.7847876419429498 0.20631316981880116
transition 2 4 1 -0.9501027755615123 0.17174758683802144
transition 2 4 2 0.3230005567359311 0.1812827668377283
transition 2 4 9 -0.9159200154683453 0.33859278988472363
transition 2 4 5 -0.44883528792591076 0.1693518256403291
transition 2 4 3 0.1788150938942461 0.1390250307991976
transition 3 0 8 -0.5093875157654255 0.38569713464518984
transition 3 0 4 0.8333578333061848 0.6143028653548102
transition 3 1 4 -0.8409664851073035 0.046862290277883384
transition 3 1 7 -0.3947952446346432 0.41398209136768865
transition 3 1 9 0.8870486225995666 0.3048350908990514
transition 3 1 6 0.48471098755263053 0.08912663379846052
transition 3 1 3 -0.07530206467200129 0.1451938936569161
transition 3 2 7 -0.5232302457396825 0.1401833077531613
transition 3 2 9 0.3763293814273334 0.16078592829842894
transition 3 2 6 0.4323774781673446 0.2323413658408342
transition 3 2 5 -0.6856727012882828 0.23368019278945232
transition 3 2 8 -0.21466279824129253 0.23300920531812327
transition 3 3 6 0.00240407258300368 0.005393004682359114
transition 3 3 7 -0.921462976960066 0.3862141664965651
transition 3 3 5 0.21572407247477798 0.06705405135024539
transition 3 3 9 0.400815597916204 0.2191857804490973
transition 3 3 2 -0.5195453615366139 0.3221529970217331
transition 3 4 7 -0.1657248526368933 1.0
transition 4 0 2 -0.695789678996124 0.49576703876385336
transition 4 0 9 -0.005288305652096037 0.5042329612361468
transition 4 1 3 0.7802926422204624 0.5667025996145474
transition 4 1 0 -0.8579699297520418 0.1586266323992113
transition 4 1 8 -0.8647377910264236 0.22555694790408104
transition 4 1 4 0.023511336716306452 0.04911382008216045
transition 4 2 8 -0.5346452753116921 1.0
transition 4 3 2 -0.5725696458999414 0.39895256784428623
transition 4 3 9 -0.9190443943778559 0.47062723701115516
transition 4 3 1 -0.29545412053648534 0.1304201951445586
transition 4 4 1 -0.5653731274467173 0.22109304727436765
transition 4 4 4 0.5553549624660092 0.37666180117485537
transition 4 4 5 0.8055197390315589 0.402245151550777
transition 5 0 4 0.5113525148652982 0.2044475598406297
transition 5 0 6 0.29371979457890474 0.3361628112524013
transition 5 0 9 -0.6770519140015501 0.07885836887206028
transition 5 0 8 0.8615970607771275 0.38053126003490867
transition 5 1 6 0.14580999510070303 0.30651264606294915
transition 5 1 2 0.9883127663582387 0.23045659550357672
transition 5 1 9 0.8233731005035394 0.23098056259245672
transition 5 1 8 0.9092384365265154 0.06622770145353843
transition 5 1 3 0.5103446100100117 0.16582249438747904
transition 5 2 2 0.30155764836369725 0.3336318986275906
transition 5 2 0 -0.4940966340245019 0.4320675630272657
transition 5 2 5 -0.1397409464853232 0.23430053834514375
transition 5 3 5 0.4616692098818431 0.22021200967443685
transition 5 3 9 0.9869153076188815 0.19274573615337143
transition 5 3 1 -0.24625412907756328 0.1910728467278234
transition 5 3 8 -0.21277642201262448 0.3306929512440879
transition 5 3 4 -0.9925091299777453 0.06527645620028046
transition 5 4 6 -0.29137978867513126 0.38398775375144756
transition 5 4 5 0.125221381015707 0.6160122462485523
transition 6 0 6 0.781195563803728 1.0
transition 6 1 1 0.027920279010580584 0.3468352935394448
transition 6 1 4 -0.7321783826117771 0.022524644485424586
transition 6 1 9 0.5423662917770402 0.6306400619751306
transition 6 2 7 -0.8791267704480346 0.09257921786276611
transition 6 2 4 0.5123078954302915 0.28051530072322833
transition 6 2 9 0.20372311256523545 0.19430435047467015
transition 6 2 8 0.021942407208024983 0.214058373787069
transition 6 2 2 0.9927792210093866 0.2185427571522664
transition 6 3 1 -0.12176864162970413 0.2580017387424566
transition 6 3 9 -0.5350563821214955 0.23693708374900577
transition 6 3 6 0.704449946331777 0.2759372193380083
transition 6 3 4 0.7953119047723392 0.22912395817052925
transition 6 4 3 0.9291108257789591 0.03216709261697772
transition 6 4 6 -0.08644285519917294 0.49162430020404035
transition 6 4 1 -0.5962723619985739 0.47620860717898195
transition 7 0 7 0.07740637686822427 0.07319982371672433
transition 7 0 8 -0.8300256016862555 0.20727589878040428
transition 7 0 6 -0.5149214682046162 0.29402157435942294
transition 7 0 4 0.19878699731864535 0.18703804305035154
transition 7 0 0 -0.8074900620468055 0.23846466009309691
transition 7 1 8 -0.9071816371165331 1.0
transition 7 2 6 0.061263171210556244 0.24007441827556444
transition 7 2 1 -0.6720443175865938 0.494073935780385
transition 7 2 4 -0.3182820920484579 0.03293873973365096
transition 7 2 3 0.3279016538110373 0.17714136989616924
transition 7 2 8 0.3119645754113043 0.05577153631423031
transition 7 3 7 0.8131475632128375 0.5720554790051255
transition 7 3 1 -0.9018561337266373 0.3544449450433535
transition 7 3 5 0.49148680068859263 0.07349957595152089
transition 7 4 4 0.21646947160489582 0.479494838397044
transition 7 4 6 -0.13022984286331774 0.15519532000967975
transition 7 4 2 0.540844543477264 0.20758812035561805
transition 7 4 9 -0.9625536736024174 0.15772172123765818
transition 8 0 4 0.4022965817788611 0.41900277471406144
transition 8 0 6 0.7979874585847966 0.16288226435346354
transition 8 0 9 -0.6367954061688879 0.418114960932475
transition 8 1 7 0.6422273513137235 0.9629184387358296
transition 8 1 6 0.5654977733979603 0.03708156126417044
transition 8 2 5 0.6467579063322724 0.32161553324186537
transition 8 2 2 0.9568987368009652 0.21734314162757687
transition 8 2 7 -0.0013775877517092638 0.14286719119698393
transition 8 2 0 0.40317117669939173 0.22033057976530343
transition 8 2 1 0.02772803919966571 0.09784355416827038
transition 8 3 2 -0.7780489956834875 0.1851810927955112
transition 8 3 9 -0.05324925409971759 0.8148189072044888
transition 8 4 9 -0.44147690610684975 0.34075219869368406
transition 8 4 0 -0.9889437749710104 0.659247801306316
transition 9 0 0 -0.5903321261382093 0.41280617141840004
transition 9 0 9 -0.677981096230355 0.08398875246778768
transition 9 0 3 -0.8167117941574329 0.5032050761138123
transition 9 1 9 0.14639205758228457 1.0
transition 9 2 6 -0.56679051031027 0.4807591863367891
transition 9 2 4 -0.2077591361994997 0.519240813663211
transition 9 3 7 -0.07816294265267709 1.0
transition 9 4 1 0.23260451561771922 0.4368881937820764
transition 9 4 9 -0.9822127562378506 0.5631118062179237
mdptype continuing
discount  0.6
