numStates 10
numActions 5
end 6
transition 0 0 2 0.3878370380749614 1.0
transition 0 1 1 0.29763238060420916 0.07126076742364917
transition 0 1 9 0.8758214170999323 0.10023492560689115
transition 0 1 6 -0.9535516924438916 0.6491777603758809
transition 0 1 2 0.4820435616002894 0.1793265465935787
transition 0 2 8 -0.060115965219057044 0.14265040314244368
transition 0 2 0 0.6402887736985998 0.20529253669629935
transition 0 2 9 -0.8507533255180815 0.17014678519743642
transition 0 2 2 -0.605245214573112 0.48191027496382055
transition 0 3 3 0.8463348917089566 0.15954875100725222
transition 0 3 8 0.7751194318506576 0.1313456889605157
transition 0 3 0 -0.18079661887903087 0.20024174053182917
transition 0 3 6 -0.2695589072330544 0.15954875100725222
transition 0 3 2 -0.09735674408914008 0.3493150684931507
transition 0 4 2 0.10086179672744944 1.0
transition 1 0 9 0.252994140210856 0.21176470588235294
transition 1 0 8 0.6673171956401109 0.08907563025210084
transition 1 0 2 -0.33524360736290504 0.1453781512605042
transition 1 0 1 0.5237042396848881 0.05714285714285714
transition 1 0 3 0.859407295385211 0.4966386554621849
transition 1 1 2 0.9228595307746643 0.6284722222222222
transition 1 1 3 0.18103759012017795 0.3715277777777778
transition 1 2 4 -0.1215333073544238 0.170421721548238
transition 1 2 0 -0.18507232108836447 0.03119584055459272
transition 1 2 2 0.4828258526798028 0.5049104563835933
transition 1 2 3 -0.8851380968541085 0.29347198151357595
transition 1 3 2 0.9668941222309888 0.3448735019973369
transition 1 3 5 0.49169545961128813 0.1904127829560586
transition 1 3 3 -0.04205360935029234 0.4647137150466045
transition 1 4 9 -0.03108294932336353 0.2985148514851485
transition 1 4 5 0.8051775224408813 0.1400990099009901
transition 1 4 8 -0.04630173283849248 0.07079207920792079
transition 1 4 3 -0.7224098066339673 0.4905940594059406
transition 2 0 5 0.703364148075516 1.0
transition 2 1 9 -0.20607821503372747 0.06908267270668177
transition 2 1 2 -0.6266392614645213 0.38052095130237823
transition 2 1 0 0.28347399006568574 0.1636466591166478
transition 2 1 8 0.5722902587179237 0.07361268403171008
transition 2 1 5 -0.8562207539776541 0.3131370328425821
transition 2 2 8 0.714988088277142 0.13626779124934107
transition 2 2 2 -0.5967581613365533 0.23589878755930416
transition 2 2 0 0.48839665278846045 0.20137058513442277
transition 2 2 9 0.5141122795072408 0.20901423299947286
transition 2 2 5 0.20779598818534661 0.21744860305745914
transition 2 3 5 -0.49418810063597784 1.0
transition 2 4 8 0.6352044120896045 0.02068045363575717
transition 2 4 4 0.6061470441420722 0.17378252168112074
transition 2 4 9 -0.019881502565487708 0.20346897931954636
transition 2 4 2 0.145969332733205 0.2511674449633089
transition 2 4 5 0.09083642961352356 0.3509006004002668
transition 3 0 2 0.9536954045492765 0.029180695847362513
transition 3 0 3 -0.2895482917828127 0.24990647212869435
transition 3 0 0 -0.36380340668619304 0.02843247287691732
transition 3 0 1 0.9864345851581267 0.24017957351290684
transition 3 0 4 -0.7847876419429498 0.45230078563411896
transition 3 1 2 -0.5490281429149417 0.217346143858738
transition 3 1 9 -0.9023600867167074 0.10776421708647105
transition 3 1 1 -0.13216823276817813 0.1926772266943651
transition 3 1 7 -0.5058861631813296 0.11373669176837185
transition 3 1 4 0.40835844858598014 0.368475720592054
transition 3 2 8 -0.6543046311753258 0.5170975813177648
transition 3 2 4 -0.2539446098033553 0.4829024186822352
transition 3 3 0 0.6496694762145154 0.8290293855743545
transition 3 3 4 0.927409123053826 0.1709706144256456
transition 3 4 5 -0.8409664851073035 0.6262953367875648
transition 3 4 4 -0.3947952446346432 0.37370466321243523
transition 4 0 6 -0.47826126095659305 0.22711775504851822
transition 4 0 0 0.9024769817082701 0.25990034093889325
transition 4 0 4 -0.35577630229780466 0.04143718856543404
transition 4 0 9 -0.49152220867639707 0.4715447154471545
transition 4 1 6 -0.06606865820760377 0.18951418951418952
transition 4 1 1 -0.12623801140906643 0.3063973063973064
transition 4 1 0 0.23418473699323217 0.1341991341991342
transition 4 1 7 -0.43874513105167634 0.049062049062049064
transition 4 1 9 -0.6513066490341988 0.32082732082732085
transition 4 2 1 -0.20369639086928926 0.682962962962963
transition 4 2 9 -0.11752793639290648 0.31703703703703706
transition 4 3 9 -0.25991162410075996 1.0
transition 4 4 5 -0.5497602287696499 0.5287637698898409
transition 4 4 9 0.6047475609747353 0.47123623011015914
transition 5 0 2 0.6304061342263545 0.3223270440251572
transition 5 0 5 0.2130400916271502 0.27240566037735847
transition 5 0 6 0.24056453244974763 0.1363993710691824
transition 5 0 8 -0.057782952797046594 0.2688679245283019
transition 5 1 1 -0.6273053361213854 0.3251101321585903
transition 5 1 3 -0.8036943573056288 0.24405286343612334
transition 5 1 8 0.6566211609509978 0.43083700440528633
transition 5 2 8 -0.7917820627588428 1.0
transition 5 3 2 0.6545515838126135 0.20939675174013922
transition 5 3 7 -0.5725696458999414 0.36078886310904873
transition 5 3 8 -0.9190443943778559 0.42981438515081205
transition 5 4 2 0.35895703815908164 0.5025220680958385
transition 5 4 8 -0.5653731274467173 0.4974779319041614
transition 7 0 8 -0.6532977877021602 0.03544351781652767
transition 7 0 6 -0.4696692286850763 0.1808188021228203
transition 7 0 1 -0.9499863720584474 0.189158453373768
transition 7 0 3 -0.24769342471867972 0.10424564063684609
transition 7 0 0 0.497007312796623 0.4903335860500379
transition 7 1 1 0.8202912819805306 0.18932305998899285
transition 7 1 2 -0.5202581971053164 0.22977435332966428
transition 7 1 6 0.19873911407986133 0.24435883324160704
transition 7 1 0 -0.29621983260146423 0.3365437534397358
transition 7 2 7 -0.5746477257058242 0.0593311758360302
transition 7 2 6 0.06500714306579569 0.08845738942826321
transition 7 2 9 -0.25925514258332494 0.24415677813736067
transition 7 2 2 0.9825864808847848 0.15641855447680691
transition 7 2 0 -0.407799212294111 0.45163610212153904
transition 7 3 7 -0.0455986817853582 0.22490964692799556
transition 7 3 6 -0.918990782829842 0.23436196830692244
transition 7 3 1 0.7174879380879085 0.09591326105087573
transition 7 3 0 -0.5883767450518622 0.4448151237142063
transition 7 4 8 -0.9345036446490076 0.30216082182075804
transition 7 4 9 0.5551303575090389 0.1661353170386114
transition 7 4 1 0.7332537409884332 0.07155508324477507
transition 7 4 0 -0.4067874613935183 0.46014877789585545
transition 8 0 4 -0.3324419638291911 0.5695952615992103
transition 8 0 1 -0.29137978867513126 0.43040473840078974
transition 8 1 6 0.585838647558111 0.31843575418994413
transition 8 1 9 0.8563086672778086 0.30377094972067037
transition 8 1 4 -0.602420559594224 0.027932960893854747
transition 8 1 1 0.695385773974567 0.3498603351955307
transition 8 2 2 0.027920279010580584 0.5429553264604811
transition 8 2 1 -0.7321783826117771 0.4570446735395189
transition 8 3 2 -0.4325460037924571 0.5880306193458594
transition 8 3 1 -0.4751034424253311 0.41196938065414057
transition 8 4 1 -0.13496763056198002 1.0
transition 9 0 6 -0.12176864162970413 1.0
transition 9 1 3 -0.6912109529216142 0.6682692307692307
transition 9 1 6 -0.9730540990963954 0.3317307692307692
transition 9 2 5 0.24835354325273995 0.24008350730688935
transition 9 2 2 0.6946935229466829 0.3569937369519833
transition 9 2 6 -0.5579677887138235 0.40292275574112735
transition 9 3 6 -0.8300256016862555 1.0
transition 9 4 4 0.9191164570769741 0.5818181818181818
transition 9 4 6 0.6129498766872696 0.41818181818181815
mdptype episodic
discount  0.6
