numStates 25
numActions 10
end 14
transition 0 0 3 0.8275536844984566 0.24123939505717448
transition 0 0 8 -0.5255498741545919 0.3485798598303209
transition 0 0 4 -0.10361503363545088 0.41018074511250463
transition 0 1 23 0.5339158160671849 0.5591160220994476
transition 0 1 4 0.02715794445736286 0.4408839779005525
transition 0 2 14 -0.9749454455142708 0.5347912524850894
transition 0 2 8 -0.7719401497316802 0.12127236580516898
transition 0 2 4 -0.6143433031132002 0.34393638170974156
transition 0 3 4 -0.7539801113069207 1.0
transition 0 4 4 0.6834341244499818 1.0
transition 0 5 4 -0.35192028174075096 1.0
transition 0 6 8 0.8189119869617341 0.036231884057971016
transition 0 6 22 0.20214754108259547 0.30966183574879225
transition 0 6 14 0.15300206168888741 0.22657004830917873
transition 0 6 4 0.8483909706889692 0.427536231884058
transition 0 7 12 -0.03875212213066637 0.5777351247600768
transition 0 7 4 0.3780817849712321 0.42226487523992323
transition 0 8 4 -0.5422354633357012 1.0
transition 0 9 4 -0.9208348552471208 1.0
transition 1 0 22 -0.8362014280619647 0.11979989468141126
transition 1 0 8 -0.36980763668058403 0.25118483412322273
transition 1 0 6 -0.5925759626261531 0.2040547656661401
transition 1 0 9 -0.4645766146112942 0.24407582938388625
transition 1 0 15 0.3330642448479497 0.18088467614533965
transition 1 1 8 -0.19936309901131022 0.6536585365853659
transition 1 1 15 0.819283857181871 0.3463414634146341
transition 1 2 4 -0.002174934795169614 0.5877616747181964
transition 1 2 14 0.9756895162075097 0.06924315619967794
transition 1 2 15 0.5811915855744962 0.34299516908212563
transition 1 3 17 -0.5086962866671725 0.17386609071274298
transition 1 3 23 -0.9621158597545343 0.17476601871850253
transition 1 3 4 0.5861889694615032 0.17314614830813535
transition 1 3 21 -0.440231161793027 0.0619150467962563
transition 1 3 15 -0.03494888217503611 0.41630669546436283
transition 1 4 15 0.9307483871323732 1.0
transition 1 5 17 -0.20903969806837264 0.23161863722057635
transition 1 5 0 0.9377269656436638 0.06840829517910046
transition 1 5 6 -0.6450231551024981 0.21815243738217074
transition 1 5 15 0.12535271695172767 0.4818206302181524
transition 1 6 6 -0.9499979170055861 0.204520697167756
transition 1 6 17 -0.1979100720944209 0.16122004357298475
transition 1 6 16 -0.7784891460736494 0.26715686274509803
transition 1 6 8 0.27870355508785805 0.06781045751633986
transition 1 6 15 0.8066845951334094 0.29929193899782136
transition 1 7 3 -0.22506056156510068 0.785234899328859
transition 1 7 15 -0.5572511848762292 0.21476510067114093
transition 1 8 14 -0.17638307430712286 0.5255474452554745
transition 1 8 15 -0.12347669693774144 0.4744525547445255
transition 1 9 6 0.18071126932653603 0.0767590618336887
transition 1 9 7 0.35102382142892163 0.1794090770636613
transition 1 9 8 -0.5965581862201477 0.09229363387145903
transition 1 9 23 0.31037981583671637 0.16174230886384405
transition 1 9 15 -0.3360755034324481 0.4897959183673469
transition 2 0 15 0.45140280772820307 0.4825543120473996
transition 2 0 0 -0.51415896981748 0.19157340355497038
transition 2 0 17 0.7750325684207617 0.32587228439763
transition 2 1 1 0.9838071016705823 0.278343949044586
transition 2 1 14 -0.3436029911911642 0.07770700636942675
transition 2 1 2 -0.4464007116939732 0.378343949044586
transition 2 1 17 0.9942947980014831 0.26560509554140127
transition 2 2 0 0.09815312518867625 0.5108695652173914
transition 2 2 17 0.1369932722477285 0.4891304347826087
transition 2 3 15 0.5013503116010187 0.5909090909090909
transition 2 3 17 -0.6367784331497024 0.4090909090909091
transition 2 4 17 -0.796406175502675 1.0
transition 2 5 15 -0.8033404516891056 0.6215040397762586
transition 2 5 17 0.7911162628765254 0.37849596022374143
transition 2 6 13 0.11650088298535644 0.12614789753504108
transition 2 6 15 0.5436357686819102 0.1360560657322378
transition 2 6 3 0.6504381559919459 0.041082648622522956
transition 2 6 14 0.2962765473009572 0.20033832769453844
transition 2 6 17 0.4657726383731551 0.49637506041565976
transition 2 7 4 -0.07959970884531842 0.27070707070707073
transition 2 7 2 0.25208829397705323 0.14814814814814814
transition 2 7 15 -0.02292387446946509 0.1595959595959596
transition 2 7 17 0.9643678837671179 0.42154882154882156
transition 2 8 23 -0.4817103481403915 0.026629292221443588
transition 2 8 4 -0.2946952791035595 0.2263489838822705
transition 2 8 7 0.7647901082842421 0.47652417659425367
transition 2 8 17 -0.8402548718486957 0.27049754730203224
transition 2 9 5 0.16999310097897813 0.07530717399920729
transition 2 9 20 -0.36871484184943193 0.2790328973444312
transition 2 9 16 0.6160343230726792 0.278636543797067
transition 2 9 17 -0.9715258861006166 0.3670233848592945
transition 3 0 21 0.8737135960248732 0.738015607580825
transition 3 0 16 -0.15073502827384178 0.26198439241917504
transition 3 1 16 -0.2079244326643972 1.0
transition 3 2 16 -0.7527005456468963 1.0
transition 3 3 3 -0.7442220596903761 0.13897373243738545
transition 3 3 22 -0.11060545135568733 0.2797800855222969
transition 3 3 18 0.3433269407095505 0.1857055589492975
transition 3 3 16 0.4296666723938882 0.39554062309102017
transition 3 4 3 -0.8977942738129583 0.34047919293820933
transition 3 4 22 0.9289243210862943 0.4527112232030265
transition 3 4 16 0.6006868413398545 0.2068095838587642
transition 3 5 15 0.28344174101279296 0.2397862979258328
transition 3 5 12 -0.9608291036162036 0.08830923947203018
transition 3 5 19 -0.6137496288146016 0.05939660590823381
transition 3 5 5 -0.34567226283850383 0.20144563167818982
transition 3 5 16 0.5882831521840834 0.4110622250157134
transition 3 6 10 0.1901849375164637 0.18025626092020966
transition 3 6 14 -0.5471073977428573 0.13075131042516017
transition 3 6 15 -0.0402367108095838 0.2868375072801398
transition 3 6 16 0.9015865182859673 0.4021549213744904
transition 3 7 22 0.8241676749576381 0.2680667078443484
transition 3 7 0 0.31763749990713075 0.20691785052501543
transition 3 7 13 -0.2274796800194332 0.1432983323038913
transition 3 7 10 0.4604168757991536 0.03211859172328598
transition 3 7 16 0.7633559060820683 0.34959851760345895
transition 3 8 20 -0.7684944174782438 0.17378545810238016
transition 3 8 14 0.6503171690944465 0.10140202151940006
transition 3 8 7 -0.9810126176500695 0.2830127160091294
transition 3 8 0 0.22994934626721752 0.08542549722856212
transition 3 8 16 -0.035288154724430365 0.3563743071405282
transition 3 9 16 -0.12164974862848732 1.0
transition 4 0 7 0.853598336001357 1.0
transition 4 1 7 0.9740777049372615 1.0
transition 4 2 0 -0.016275797750084475 0.18014282423404746
transition 4 2 12 -0.35770704967992595 0.21999539276664362
transition 4 2 23 0.6301968672918747 0.1808339092375029
transition 4 2 7 -0.38117833377052124 0.41902787376180606
transition 4 3 11 -0.22783156324438703 0.7868303571428571
transition 4 3 7 -0.910821270619359 0.21316964285714285
transition 4 4 6 -0.5125736403438854 0.22526851328434144
transition 4 4 13 0.345966343816523 0.2410966647823629
transition 4 4 4 0.8710102131609225 0.10118711136235162
transition 4 4 7 -0.5018336492083892 0.43244771057094405
transition 4 5 24 -0.4032945202672402 0.030109812256464755
transition 4 5 20 -0.7066478379696888 0.29401346085724406
transition 4 5 9 0.860917102199863 0.24371236273467942
transition 4 5 7 -0.9171764545847139 0.43216436415161175
transition 4 6 11 -0.34017119411587204 0.3292166549047283
transition 4 6 21 -0.4691956041793204 0.14855328158080452
transition 4 6 14 0.8013711812689102 0.26605504587155965
transition 4 6 7 -0.6146043942706072 0.25617501764290757
transition 4 7 4 0.4983813883817261 0.22264875239923224
transition 4 7 17 0.5400835112527531 0.43761996161228406
transition 4 7 7 -0.8870033490193923 0.3397312859884837
transition 4 8 7 0.8057015141757802 1.0
transition 4 9 23 -0.07225076961905308 0.4608294930875576
transition 4 9 6 -0.24340537096547443 0.1271889400921659
transition 4 9 7 -0.7913260221833962 0.4119815668202765
transition 5 0 24 -0.6937528144800884 1.0
transition 5 1 24 -0.5496930103514053 1.0
transition 5 2 10 0.4705677761054414 0.3260598503740648
transition 5 2 21 -0.22685730548759309 0.29177057356608477
transition 5 2 24 -0.7611649067885449 0.38216957605985036
transition 5 3 24 -0.9099400311727743 1.0
transition 5 4 15 0.6977935195270493 0.3983402489626556
transition 5 4 10 0.03151745099358072 0.3075149838635316
transition 5 4 24 -0.8549276165265061 0.2941447671738128
transition 5 5 1 0.8343071273827452 0.5332681017612525
transition 5 5 24 0.35892642055762813 0.46673189823874756
transition 5 6 16 0.7938786932401212 0.4593241551939925
transition 5 6 6 0.830634228110656 0.204630788485607
transition 5 6 12 -0.1814836242023301 0.06633291614518148
transition 5 6 24 0.4947338080482646 0.26971214017521905
transition 5 7 24 0.007714300730536472 1.0
transition 5 8 24 0.7077076575473911 1.0
transition 5 9 0 0.9083826157161308 0.4625748502994012
transition 5 9 13 -0.8126056014736018 0.023952095808383235
transition 5 9 19 -0.12075462963411465 0.1317365269461078
transition 5 9 24 0.9634994148283584 0.38173652694610777
transition 6 0 10 0.7121055530488474 0.5374396135265701
transition 6 0 19 -0.8316297286781977 0.46256038647342995
transition 6 1 11 -0.2964016348633296 0.33050424363454817
transition 6 1 13 -0.0790212745405503 0.2646030953569646
transition 6 1 19 -0.6326493456222153 0.40489266100848725
transition 6 2 3 -0.013228390532888046 0.6292134831460674
transition 6 2 19 0.46362152006407165 0.3707865168539326
transition 6 3 9 0.5790679189129286 0.10328927144174609
transition 6 3 11 -0.7907340303362183 0.22778973255456503
transition 6 3 13 -0.08415112469160335 0.18198585920688595
transition 6 3 19 0.04104755032397733 0.48693513679680295
transition 6 4 24 0.5273584279268555 0.5677009873060649
transition 6 4 19 0.3350608311699821 0.4322990126939351
transition 6 5 22 -0.08441736155186108 0.33576376230404664
transition 6 5 12 -0.9992876602457628 0.2865475756471017
transition 6 5 19 -0.9338434671012183 0.3776886620488516
transition 6 6 17 -0.14164167711975684 0.019342359767891684
transition 6 6 8 -0.36700179510498177 0.6924564796905223
transition 6 6 19 0.01266427936741743 0.28820116054158607
transition 6 7 5 -0.8201800631229272 0.2840840840840841
transition 6 7 12 0.2398878573661245 0.07627627627627627
transition 6 7 16 0.6510845222187158 0.042042042042042045
transition 6 7 1 -0.377739856430501 0.21831831831831833
transition 6 7 19 -0.5708182902208168 0.3792792792792793
transition 6 8 18 -0.27833100751006556 0.719047619047619
transition 6 8 19 -0.738726780545764 0.28095238095238095
transition 6 9 8 -0.581537637388581 0.12202998846597463
transition 6 9 5 0.9257866093935498 0.19677047289504038
transition 6 9 1 0.23975212538859347 0.190080738177624
transition 6 9 7 0.1999156523344836 0.05859284890426759
transition 6 9 19 -0.5225056080565469 0.43252595155709345
transition 7 0 1 -0.4342735517075329 0.1762208067940552
transition 7 0 16 0.6697792097506601 0.19603680113234254
transition 7 0 24 0.5936106891017638 0.19603680113234254
transition 7 0 20 0.8223213611429803 0.4317055909412597
transition 7 1 2 -0.6449517531797657 0.43295194508009155
transition 7 1 5 0.31131997531582134 0.23386727688787184
transition 7 1 20 0.4080105878842937 0.3331807780320366
transition 7 2 22 -0.5126149539201863 0.6017316017316018
transition 7 2 20 0.7301411414928312 0.39826839826839827
transition 7 3 23 0.03482605543786965 0.5503432494279176
transition 7 3 20 -0.9011249787637574 0.4496567505720824
transition 7 4 13 -0.945823983971386 0.48891235480464623
transition 7 4 14 0.8994082475352787 0.08130939809926083
transition 7 4 20 0.17641302233461165 0.4297782470960929
transition 7 5 16 0.2824678103760123 0.22634508348794063
transition 7 5 1 0.823297299174969 0.16883116883116883
transition 7 5 13 0.307506527789408 0.16008481314603765
transition 7 5 6 0.47827751846099487 0.1569043201696263
transition 7 5 20 0.5947710977885778 0.2878346143652266
transition 7 6 16 0.6841648877778665 0.09156193895870736
transition 7 6 23 0.10361708448031903 0.7145421903052065
transition 7 6 20 -0.4971870327387198 0.19389587073608616
transition 7 7 20 0.22902580750099943 1.0
transition 7 8 2 -0.029193531799407424 0.3293227913372293
transition 7 8 24 0.07523908014867664 0.27535235476108627
transition 7 8 20 0.8423668075584081 0.3953248539016844
transition 7 9 20 0.8515284924944602 1.0
transition 8 0 1 0.23190909757816613 1.0
transition 8 1 1 -0.3569058308539492 1.0
transition 8 2 1 0.3374487773416588 1.0
transition 8 3 23 0.8147767954306342 0.30520346897931955
transition 8 3 7 0.9931388379130195 0.21847898599066043
transition 8 3 2 -0.7399999770089642 0.1247498332221481
transition 8 3 1 0.5187945410620318 0.35156771180787194
transition 8 4 3 -0.37491428207183786 0.6564729867482161
transition 8 4 1 -0.6298868113606337 0.3435270132517839
transition 8 5 23 0.7617052045779054 0.2773450728073146
transition 8 5 8 -0.3054151352944392 0.08025736539112767
transition 8 5 7 0.21610877726027722 0.15069420927869961
transition 8 5 5 0.47786913017238475 0.219776498476126
transition 8 5 1 0.39454392388191706 0.2719268540467321
transition 8 6 21 0.539552952571859 0.2926434923201294
transition 8 6 13 -0.3153596948832329 0.2611156022635408
transition 8 6 1 -0.3630825193304352 0.4462409054163298
transition 8 7 1 0.16526530544104756 1.0
transition 8 8 21 -0.4560338434607938 0.2106504887091338
transition 8 8 20 -0.1906662065817768 0.10717896865520728
transition 8 8 6 -0.26088966372470357 0.2123356926188069
transition 8 8 1 0.7216302828129197 0.46983485001685205
transition 8 9 11 -0.4523204212869598 0.26545454545454544
transition 8 9 24 0.28244481914081154 0.52
transition 8 9 1 0.8994808949231952 0.21454545454545454
transition 9 0 22 0.38814847017281195 1.0
transition 9 1 10 -0.9805936833886848 0.03449975357318876
transition 9 1 11 0.7768176632740076 0.0625924100542139
transition 9 1 21 -0.3490464446784185 0.2405125677673731
transition 9 1 4 0.22587113260828762 0.1830951207491375
transition 9 1 22 -0.2705019070454444 0.47930014785608677
transition 9 2 16 -0.7465719045622745 0.22049249929238607
transition 9 2 5 -0.9146972841840275 0.004528729125389187
transition 9 2 19 -0.11873766357700233 0.1285026889329182
transition 9 2 0 -0.5502655135920662 0.19898103594678743
transition 9 2 22 -0.11109972525233158 0.4474950467025191
transition 9 3 23 -0.14189423289345537 0.12335329341317365
transition 9 3 5 0.8133445840249534 0.5538922155688623
transition 9 3 22 0.8940771117144086 0.32275449101796405
transition 9 4 19 0.9335464226663817 0.07196531791907515
transition 9 4 15 0.21718128984881346 0.2777456647398844
transition 9 4 0 -0.2369060419705984 0.1578034682080925
transition 9 4 22 0.9877567060278594 0.49248554913294795
transition 9 5 22 -0.09645204339934654 1.0
transition 9 6 11 0.09337031794741146 0.2629984856133266
transition 9 6 4 -0.6910376561526914 0.1453811206461383
transition 9 6 20 -0.29112208347142166 0.4204946996466431
transition 9 6 22 0.44576127125792797 0.17112569409389197
transition 9 7 1 0.9354736972245747 0.390495867768595
transition 9 7 24 -0.6398164696916746 0.029614325068870524
transition 9 7 18 -0.444428105509332 0.3216253443526171
transition 9 7 22 -0.9527861963079558 0.25826446280991733
transition 9 8 22 0.0952857809414045 1.0
transition 9 9 9 -0.45854072724003125 0.1763157894736842
transition 9 9 10 -0.3668191500437561 0.6289473684210526
transition 9 9 22 -0.29543605861971023 0.19473684210526315
transition 10 0 23 -0.11169967153692228 0.2828854314002829
transition 10 0 9 -0.8524675644793298 0.28005657708628007
transition 10 0 0 0.12876276090819494 0.43705799151343705
transition 10 1 9 0.27424110837363 0.5833333333333334
transition 10 1 0 0.9812143574588292 0.4166666666666667
transition 10 2 5 -0.32678121329388854 0.647887323943662
transition 10 2 0 -0.28729854368938 0.352112676056338
transition 10 3 8 -0.31446005349030104 0.3756708407871199
transition 10 3 21 0.05760262220073353 0.32558139534883723
transition 10 3 0 0.17997616828566154 0.29874776386404295
transition 10 4 19 -0.6998914466772821 0.03194321206743567
transition 10 4 9 -0.5674982337617582 0.33451641526175685
transition 10 4 6 -0.3494911987191245 0.13753327417923691
transition 10 4 15 0.5779076766690228 0.09183673469387756
transition 10 4 0 0.8067462404619861 0.404170363797693
transition 10 5 7 -0.6650082064219829 0.4079397672826831
transition 10 5 24 0.2654152015185447 0.2402464065708419
transition 10 5 0 0.6218222459653548 0.351813826146475
transition 10 6 24 0.2706468912419433 0.6946564885496184
transition 10 6 0 -0.3114090575301063 0.3053435114503817
transition 10 7 18 -0.04443995602042827 0.09105960264900662
transition 10 7 6 0.5131647667625554 0.652317880794702
transition 10 7 0 -0.584067800848155 0.25662251655629137
transition 10 8 0 -0.5370997758415681 1.0
transition 10 9 24 0.09422221700898836 0.5839524517087668
transition 10 9 10 0.983769481519043 0.07578008915304606
transition 10 9 0 -0.11113689245640379 0.34026745913818723
transition 11 0 4 0.650721689421299 0.34645953757225434
transition 11 0 5 0.3235836948812967 0.1365606936416185
transition 11 0 11 0.7600952883448 0.09140173410404624
transition 11 0 12 -0.2841916837875371 0.42557803468208094
transition 11 1 12 -0.511643429402707 1.0
transition 11 2 24 0.3312452919557787 0.7367549668874173
transition 11 2 12 -0.338500192450806 0.2632450331125828
transition 11 3 17 0.2166054027088289 0.20115850447604003
transition 11 3 14 -0.7138075939863266 0.3075302790942601
transition 11 3 19 0.9805015914191162 0.14533965244865718
transition 11 3 12 0.876323051799484 0.3459715639810427
transition 11 4 20 0.5956417284854099 0.17465982600936872
transition 11 4 13 0.5362976148572558 0.17778273477581977
transition 11 4 0 -0.3964556632370131 0.052197189382110196
transition 11 4 24 -0.7925830738231703 0.21458844523756412
transition 11 4 12 -0.34940629482271723 0.3807718045951372
transition 11 5 12 0.45861617695100554 1.0
transition 11 6 3 0.46528272839669893 0.2456326098464796
transition 11 6 0 0.9550108536583122 0.3875066172578084
transition 11 6 12 0.086054093662709 0.366860772895712
transition 11 7 4 0.304756697839371 0.6483516483516484
transition 11 7 12 0.36619276693064595 0.3516483516483517
transition 11 8 1 0.30607887613863727 0.6259259259259259
transition 11 8 12 0.3043241721730052 0.37407407407407406
transition 11 9 3 0.010234402583864322 0.15584415584415584
transition 11 9 0 -0.5181041292764255 0.17737525632262474
transition 11 9 16 0.46961417118812254 0.3212576896787423
transition 11 9 12 0.2635603122033583 0.3455228981544771
transition 12 0 13 0.12140716720055078 0.519559902200489
transition 12 0 5 -0.6491346047821491 0.480440097799511
transition 12 1 6 -0.1328305846837181 0.7772988505747126
transition 12 1 5 -0.8851660995319568 0.22270114942528735
transition 12 2 14 -0.22603896355180142 0.15911072362685266
transition 12 2 15 -0.4500603820285931 0.38578901482127287
transition 12 2 19 0.2596602583881964 0.06669572798605057
transition 12 2 5 -0.10658887341596235 0.3884045335658239
transition 12 3 12 0.8220518936175245 0.5757825370675453
transition 12 3 5 -0.8379779146600461 0.4242174629324547
transition 12 4 7 -0.8792555196438852 0.2504879635653871
transition 12 4 19 -0.6935126479741454 0.4398178269355888
transition 12 4 5 -0.36679945397912395 0.3096942094990241
transition 12 5 9 0.09906376097679592 0.5504201680672269
transition 12 5 5 -0.13437919392159392 0.4495798319327731
transition 12 6 23 -0.39940615038809013 0.01774891774891775
transition 12 6 8 -0.6123598798399674 0.354978354978355
transition 12 6 14 0.7414185261240387 0.06926406926406926
transition 12 6 24 -0.8751121527803518 0.3268398268398268
transition 12 6 5 -0.3257510702059454 0.23116883116883116
transition 12 7 24 -0.026356564178607655 0.035864978902953586
transition 12 7 13 -0.49837659875308726 0.2672292545710267
transition 12 7 4 0.4056149103226594 0.3210267229254571
transition 12 7 5 0.07263332202401962 0.37587904360056257
transition 12 8 11 -0.2461127815089863 0.6046511627906976
transition 12 8 5 0.897916933006389 0.3953488372093023
transition 12 9 10 0.4026626586903699 0.16976127320954906
transition 12 9 21 0.3526492556310554 0.5287356321839081
transition 12 9 5 0.3466558805678486 0.3015030946065429
transition 13 0 2 0.011023851621079661 0.2103960396039604
transition 13 0 24 0.8141941486814306 0.05363036303630363
transition 13 0 0 0.7257395425332864 0.27970297029702973
transition 13 0 4 -0.8616324211995285 0.24422442244224424
transition 13 0 11 0.16078423045806023 0.21204620462046206
transition 13 1 12 0.2229200020032791 0.4147727272727273
transition 13 1 8 -0.19312580563077675 0.40952797202797203
transition 13 1 11 0.7545592156766787 0.1756993006993007
transition 13 2 8 0.29305085367282824 0.45869297163995065
transition 13 2 13 0.10741125365351234 0.3680641183723798
transition 13 2 11 -0.08610213299270164 0.17324290998766953
transition 13 3 4 0.8590715256954509 0.07966101694915254
transition 13 3 2 0.096810879269003 0.11991525423728813
transition 13 3 0 -0.6409016767637272 0.3694915254237288
transition 13 3 11 -0.2744596020184067 0.4309322033898305
transition 13 4 9 0.6136649238664698 0.3647240447703589
transition 13 4 13 -0.17071917395682035 0.21922037823234272
transition 13 4 11 0.20264894980145298 0.41605557699729834
transition 13 5 11 -0.6583826391077667 1.0
transition 13 6 22 0.09739910162901877 0.530758226037196
transition 13 6 11 0.8684050908242567 0.46924177396280403
transition 13 7 14 0.3850814693710283 0.29077757685352623
transition 13 7 4 -0.10791253425531888 0.0003616636528028933
transition 13 7 24 -0.6680914551924335 0.04267631103074141
transition 13 7 22 -0.3832348989351366 0.31030741410488244
transition 13 7 11 -0.4499622667392047 0.355877034358047
transition 13 8 11 0.46231293788428407 1.0
transition 13 9 11 -0.4470984979539503 1.0
transition 15 0 22 0.9298307381961888 0.6443181818181818
transition 15 0 9 0.6119293191627331 0.35568181818181815
transition 15 1 10 -0.4707995720087268 0.4458874458874459
transition 15 1 19 0.12347212310102296 0.20971620971620972
transition 15 1 9 0.7437186095058943 0.3443963443963444
transition 15 2 3 -0.8223127192300297 0.2767273977311791
transition 15 2 24 -0.6252390674150328 0.041595049845307666
transition 15 2 16 0.35492027858830966 0.21931935372980405
transition 15 2 9 0.324987218748255 0.4623581986937092
transition 15 3 1 -0.9710168725488211 0.31910569105691056
transition 15 3 19 0.6600493735917885 0.05609756097560976
transition 15 3 22 -0.6486721013399113 0.2524390243902439
transition 15 3 10 0.6425187678677455 0.02032520325203252
transition 15 3 9 -0.1590274516996184 0.35203252032520327
transition 15 4 9 -0.043722751157873274 1.0
transition 15 5 11 0.5508294353041177 0.7095238095238096
transition 15 5 9 -0.8876193072521774 0.2904761904761905
transition 15 6 7 0.9167683593614471 0.028629856850715747
transition 15 6 24 0.36063859159494593 0.4867075664621677
transition 15 6 9 -0.5829948191725243 0.48466257668711654
transition 15 7 5 -0.6961521461686089 0.3923923923923924
transition 15 7 2 -0.551743435395325 0.3763763763763764
transition 15 7 9 -0.301841298441075 0.23123123123123124
transition 15 8 9 0.6939430324993066 1.0
transition 15 9 18 0.10652442748651647 0.570446735395189
transition 15 9 9 0.6124059171560785 0.42955326460481097
transition 16 0 23 -0.3306405340663112 0.2658513035082073
transition 16 0 11 -0.5400619383126206 0.19375603476021885
transition 16 0 0 0.3112390560623952 0.1419375603476022
transition 16 0 13 -0.7446800198698396 0.39845510138397167
transition 16 1 14 -0.7995442290211148 0.6205533596837944
transition 16 1 13 0.024201008361441678 0.3794466403162055
transition 16 2 6 -0.8197934940368388 0.03449453551912568
transition 16 2 10 -0.9921971085652883 0.11202185792349727
transition 16 2 17 -0.3845057546763584 0.09187158469945356
transition 16 2 7 0.2233694450130086 0.2701502732240437
transition 16 2 13 0.1507072449953213 0.49146174863387976
transition 16 3 21 -0.9100415020296158 0.246684350132626
transition 16 3 12 0.04723400933444544 0.3740053050397878
transition 16 3 10 0.18157094661097095 0.01098901098901099
transition 16 3 13 -0.6623273514370023 0.36832133383857524
transition 16 4 23 0.1275575383110874 0.02729528535980149
transition 16 4 0 -0.3844783815338979 0.23424317617866006
transition 16 4 11 0.11208047873199134 0.36674937965260546
transition 16 4 12 -0.33437784986895447 0.19156327543424317
transition 16 4 13 0.6681313293605944 0.18014888337468982
transition 16 5 21 0.2542240193676564 0.037109375
transition 16 5 0 0.8857931415274014 0.482421875
transition 16 5 13 0.21975591448921628 0.48046875
transition 16 6 13 0.086875498123133 1.0
transition 16 7 1 -0.963137112277801 0.4317605276509386
transition 16 7 11 0.5170697703702274 0.045662100456621
transition 16 7 7 -0.17825815716648719 0.0943683409436834
transition 16 7 13 -0.8126725579377727 0.42820903094875695
transition 16 8 13 0.3446183900595441 1.0
transition 16 9 13 -0.6609636400803136 1.0
transition 17 0 3 -0.7769033502706311 1.0
transition 17 1 3 -0.3053178195130555 1.0
transition 17 2 24 0.9291753458498406 0.116600790513834
transition 17 2 20 -0.670023556835873 0.09824957651044608
transition 17 2 9 0.71562185155038 0.19028797289666854
transition 17 2 12 -0.3989473421628913 0.09599096555618294
transition 17 2 3 -0.6763881071405713 0.4988706945228684
transition 17 3 3 0.9530791068040856 1.0
transition 17 4 1 -0.4266229022352661 0.5388639760837071
transition 17 4 3 0.383977626786268 0.461136023916293
transition 17 5 0 0.7705301776362932 0.3089430894308943
transition 17 5 18 -0.865202873256552 0.2938443670150987
transition 17 5 3 0.37682228046491484 0.397212543554007
transition 17 6 3 -0.9721223371707113 1.0
transition 17 7 1 0.7569750319311881 0.5879945429740792
transition 17 7 3 0.961480307073812 0.4120054570259209
transition 17 8 3 0.09399173627369528 1.0
transition 17 9 19 -0.722123778902388 0.22904368358913813
transition 17 9 1 -0.4132605018737827 0.23376623376623376
transition 17 9 2 0.26889985233090496 0.06847697756788666
transition 17 9 3 -0.9840002952648503 0.46871310507674147
transition 18 0 10 0.360191888380758 1.0
transition 18 1 10 -0.8811356763058336 1.0
transition 18 2 19 0.4985566659665739 0.37365213314580403
transition 18 2 4 0.2264553062214083 0.07079231129864041
transition 18 2 1 -0.3930278045565607 0.059540553211439286
transition 18 2 17 0.007200114147949188 0.21518987341772153
transition 18 2 10 0.7809582907251791 0.2808251289263948
transition 18 3 19 -0.1831711927447568 0.4263157894736842
transition 18 3 2 -0.27208336290408863 0.19665071770334927
transition 18 3 24 0.2460883397381377 0.06124401913875598
transition 18 3 3 -0.4947492157179163 0.02057416267942584
transition 18 3 10 0.48066487665482294 0.2952153110047847
transition 18 4 3 -0.6471087900038244 0.2767351802204349
transition 18 4 15 -0.3738465409631633 0.08579088471849866
transition 18 4 5 -0.5768599389600797 0.06702412868632708
transition 18 4 4 -0.16035039795541217 0.0840035746201966
transition 18 4 10 -0.4569546839220695 0.48644623175454277
transition 18 5 3 -0.2586206738897936 0.23953823953823955
transition 18 5 13 -0.7017284908439456 0.2202020202020202
transition 18 5 14 0.8267288965525947 0.047907647907647906
transition 18 5 10 -0.7034240864608019 0.4923520923520924
transition 18 6 2 0.6880168278204766 0.833641404805915
transition 18 6 10 0.5663187428197565 0.16635859519408502
transition 18 7 1 -0.7759178934225006 0.1799960699548045
transition 18 7 20 0.5251668688084128 0.16486539595205346
transition 18 7 21 0.36370601268867975 0.016506189821182942
transition 18 7 16 -0.957732429169861 0.19434073491845155
transition 18 7 10 0.7783947353188283 0.4442916093535076
transition 18 8 10 0.7740850125090404 1.0
transition 18 9 11 -0.6268412722105328 0.23307436182019978
transition 18 9 12 0.37048043682981446 0.22641509433962265
transition 18 9 14 0.3976619645866104 0.3374028856825749
transition 18 9 10 -0.4406765190176971 0.20310765815760268
transition 19 0 20 -0.17981163917623677 0.5027173913043478
transition 19 0 23 -0.412092045350714 0.49728260869565216
transition 19 1 11 0.9427521213434218 0.761353517364203
transition 19 1 23 0.3695422536041628 0.23864648263579696
transition 19 2 21 0.7341409571791719 0.6925
transition 19 2 23 -0.9710980732293952 0.3075
transition 19 3 22 -0.8435179282589225 0.6448362720403022
transition 19 3 23 0.9466686142903344 0.35516372795969775
transition 19 4 16 0.9457573774338399 0.4577114427860697
transition 19 4 7 -0.9947261610658535 0.19900497512437812
transition 19 4 23 0.9434447872233795 0.34328358208955223
transition 19 5 9 0.4445877057821026 0.7280071813285458
transition 19 5 23 -0.20671892316366303 0.2719928186714542
transition 19 6 20 0.3435861723768636 0.02450229709035222
transition 19 6 15 0.1214464990414339 0.5053598774885145
transition 19 6 23 -0.5035304322719465 0.47013782542113325
transition 19 7 24 0.10709401379799499 0.2018896071606166
transition 19 7 1 0.011858671468905957 0.1663351566384883
transition 19 7 20 -0.8022959598581259 0.24316260566882147
transition 19 7 23 0.18789235842639762 0.3886126305320736
transition 19 8 8 -0.07267580039306032 0.5054691997697179
transition 19 8 23 -0.8177752749823279 0.4945308002302821
transition 19 9 7 -0.539203720611894 0.677652733118971
transition 19 9 23 0.05890893225653171 0.32234726688102894
transition 20 0 8 0.7724937378051631 0.2718189832500735
transition 20 0 13 -0.381737783505969 0.16162209814869233
transition 20 0 18 -0.9397742531589839 0.21363502791654423
transition 20 0 2 0.010287137860640616 0.35292389068469
transition 20 1 11 0.22284207595878236 0.34709119496855345
transition 20 1 8 0.27660360240969606 0.2425314465408805
transition 20 1 2 0.84309402053597 0.41037735849056606
transition 20 2 17 0.46969132032903427 0.2570796460176991
transition 20 2 1 -0.4354335455872931 0.2845132743362832
transition 20 2 13 -0.21955751036106763 0.2331858407079646
transition 20 2 2 -0.8240922196123408 0.2252212389380531
transition 20 3 24 -0.6966692415525408 0.3129392310872261
transition 20 3 15 0.942846287246295 0.319553534518396
transition 20 3 2 -0.572912735326284 0.3675072343943778
transition 20 4 23 0.1505157151768286 0.22041814946619218
transition 20 4 19 -0.13761750352274515 0.13500889679715303
transition 20 4 5 0.6063615861365803 0.1866103202846975
transition 20 4 21 0.7780406670175783 0.13100533807829182
transition 20 4 2 0.27465670255609487 0.32695729537366547
transition 20 5 15 -0.10990118666394122 0.37709658762290343
transition 20 5 16 -0.5071871117293374 0.3042220936957779
transition 20 5 2 0.2861086828049455 0.31868131868131866
transition 20 6 12 0.5884298615680992 0.037826961770623745
transition 20 6 6 0.3425699238194304 0.14647887323943662
transition 20 6 7 -0.7038218941393133 0.3380281690140845
transition 20 6 20 -0.807602755913488 0.089738430583501
transition 20 6 2 0.023811441986863358 0.3879275653923541
transition 20 7 17 -0.3657359860439 0.26121141525917296
transition 20 7 7 0.012017489602288212 0.21753057658707048
transition 20 7 5 -0.2077929449204674 0.004076878276062901
transition 20 7 14 0.311723406385332 0.2769365171811299
transition 20 7 2 -0.16650826291352527 0.24024461269656378
transition 20 8 13 0.5404466505280903 0.7132018209408194
transition 20 8 2 0.43407680934184834 0.2867981790591806
transition 20 9 10 -0.7602951277143688 0.425
transition 20 9 4 0.4489516115182157 0.36944444444444446
transition 20 9 2 0.06571031390040338 0.20555555555555555
transition 21 0 0 0.19470357200029365 0.24837112327339067
transition 21 0 9 -0.3729929082836043 0.06385196768308575
transition 21 0 11 0.76235092660603 0.2541047693510555
transition 21 0 8 0.5752028492402317 0.4336721396924681
transition 21 1 8 0.5989336264535243 1.0
transition 21 2 8 -0.8761301901998275 1.0
transition 21 3 4 0.46074068087187814 0.09870818151705862
transition 21 3 10 0.7432080842104423 0.2676382908247764
transition 21 3 0 -0.2851722926604907 0.16859887379927127
transition 21 3 8 0.6679647994373723 0.46505465385889366
transition 21 4 23 -0.1661353962105554 0.5625990491283677
transition 21 4 8 0.06525910223205278 0.43740095087163233
transition 21 5 8 0.7929160102159385 1.0
transition 21 6 2 -0.7954865395045838 0.15522501906941266
transition 21 6 18 0.5446744817344977 0.14893211289092295
transition 21 6 20 -0.54271214101052 0.02116704805491991
transition 21 6 22 -0.42924522430510414 0.17639206712433256
transition 21 6 8 -0.4564928348142421 0.4982837528604119
transition 21 7 8 -0.22774673399485224 1.0
transition 21 8 8 0.23982857075997388 1.0
transition 21 9 1 -0.3363198641618743 0.1555695803092458
transition 21 9 13 -0.9301454909922142 0.04985799936888608
transition 21 9 17 -0.9698702827407522 0.0949826443673083
transition 21 9 18 0.835355658944581 0.29725465446513094
transition 21 9 8 0.6537382239183018 0.40233512148942885
transition 22 0 2 0.9054075700945419 0.14285714285714285
transition 22 0 6 0.7026656678002385 0.058823529411764705
transition 22 0 19 -0.7159367694815997 0.1092436974789916
transition 22 0 4 0.7017083336939696 0.27288810260946483
transition 22 0 18 -0.5924207848306369 0.416187527642636
transition 22 1 5 -0.254121205221572 0.16021282885013302
transition 22 1 4 0.17967144378835886 0.18120011823825008
transition 22 1 3 0.032458364314190025 0.24061483890038426
transition 22 1 15 -0.8196170679699308 0.010050251256281407
transition 22 1 18 -0.6850623922362449 0.40792196275495124
transition 22 2 6 0.7852282357978277 0.2913571910871033
transition 22 2 22 0.8179802111701018 0.010465901417960837
transition 22 2 14 0.5030811570381986 0.2363268062120189
transition 22 2 18 0.6071634037309663 0.4618501012829169
transition 22 3 2 -0.024145041954459545 0.5154083204930663
transition 22 3 18 0.1681144909399972 0.48459167950693377
transition 22 4 2 0.9145259963504535 0.32670454545454547
transition 22 4 5 0.1307688926706616 0.4971590909090909
transition 22 4 18 0.9442794116674504 0.17613636363636365
transition 22 5 18 0.3944996957139919 1.0
transition 22 6 3 -0.46862686928769604 0.28888888888888886
transition 22 6 0 -0.6205440806194091 0.006026365348399247
transition 22 6 13 0.14124839473819373 0.2546139359698682
transition 22 6 18 -0.638212643011778 0.4504708097928437
transition 22 7 16 0.6641734188605091 0.6428571428571429
transition 22 7 18 -0.32266077802289495 0.35714285714285715
transition 22 8 22 0.324606762815151 0.6628959276018099
transition 22 8 18 -0.7688432633365887 0.33710407239819007
transition 22 9 3 0.0587238784477051 0.7375415282392026
transition 22 9 18 -0.4564523827739606 0.26245847176079734
transition 23 0 21 -0.8528207506977754 1.0
transition 23 1 22 -0.1652800215575021 0.40224159402241594
transition 23 1 19 0.3503165735740019 0.15110004151100043
transition 23 1 21 0.6575217863203191 0.44665836446658364
transition 23 2 4 -0.7071421999508645 0.05786471067644662
transition 23 2 19 0.804626928166458 0.2624286878565607
transition 23 2 0 -0.11271058825615543 0.04686226568867156
transition 23 2 15 -0.6837181259542509 0.2208638956805216
transition 23 2 21 -0.6723610863883316 0.4119804400977995
transition 23 3 0 0.9860380020191728 0.3697674418604651
transition 23 3 16 0.12289700797196668 0.030813953488372094
transition 23 3 14 0.330574964805882 0.23430232558139535
transition 23 3 21 0.3268792096066455 0.36511627906976746
transition 23 4 21 0.624182133856733 1.0
transition 23 5 21 -0.878565730656675 1.0
transition 23 6 17 -0.9607662661279315 0.08466453674121406
transition 23 6 23 0.9452379206787258 0.5615015974440895
transition 23 6 21 0.18458169626601317 0.3538338658146965
transition 23 7 11 0.09392770933634664 0.24526352049603858
transition 23 7 3 0.02457246343756725 0.20771615570099897
transition 23 7 4 0.8555723634633208 0.10540819841543231
transition 23 7 21 -0.1439034002002817 0.44161212538753014
transition 23 8 11 0.17333964741631247 0.5059970014992504
transition 23 8 21 -0.16333308302466487 0.49400299850074963
transition 23 9 22 -0.728568368228063 0.6503267973856209
transition 23 9 21 -0.3850172702199417 0.34967320261437906
transition 24 0 14 -0.2153449354834085 1.0
transition 24 1 11 -0.39851706725711633 0.14486638537271448
transition 24 1 18 0.7429782711731243 0.24331926863572434
transition 24 1 22 0.030306739226684698 0.14767932489451477
transition 24 1 14 0.8741097403644043 0.4641350210970464
transition 24 2 14 0.11770603447991945 1.0
transition 24 3 11 0.5324578740529498 0.11335012594458438
transition 24 3 15 -0.5429030015377954 0.45025188916876574
transition 24 3 14 -0.8013265582476821 0.4363979848866499
transition 24 4 0 -0.8764998052414836 0.18169398907103826
transition 24 4 7 0.7376844986144351 0.6215846994535519
transition 24 4 14 0.305064450950677 0.19672131147540983
transition 24 5 5 -0.004310847005342122 0.2092871157619359
transition 24 5 13 -0.9644207794237178 0.6017004578155657
transition 24 5 3 -0.8977744819998923 0.013734466971877043
transition 24 5 14 -0.3331321639570446 0.17527795945062133
transition 24 6 11 0.9694584574776033 0.2471971561389117
transition 24 6 8 0.6853270746127997 0.17774131802023516
transition 24 6 24 0.8362134920564972 0.13371616078753076
transition 24 6 3 -0.4252861486546693 0.23270440251572327
transition 24 6 14 0.5656758199155851 0.20864096253759912
transition 24 7 14 0.5477558809846454 1.0
transition 24 8 14 0.5596046031006898 1.0
transition 24 9 15 0.21188327596850054 0.07529034841810173
transition 24 9 17 0.08380453171938562 0.031637965558670406
transition 24 9 2 -0.1509627678600698 0.20464557468962755
transition 24 9 16 0.6949096755147626 0.19703644373247897
transition 24 9 14 -0.2848191298794982 0.49138966760112135
mdptype episodic
discount  0.8
