2.363714 5
2.905789 0
2.463744 6
2.561715 2
2.213599 3
2.061865 10
2.743794 5
2.606507 11
2.900531 14
2.329384 1
2.525017 5
2.590052 0
2.751534 10
2.674615 13
2.162561 16
2.804140 8
2.610530 11
2.633760 9
2.243539 11
2.262857 6
2.709786 0
2.551671 12
2.775498 15
2.159747 5
2.220834 9
2.180378 19
0.000000 0
1.580170 18
2.297987 2
2.817877 2
2.275003 15
2.523850 13
2.261926 16
2.613327 17
2.711728 5
2.614772 10
2.307631 12
2.544497 6
2.696160 14
2.821037 1
2.443769 8
2.015078 5
2.452941 3
2.462907 7
2.547466 7
0.000000 0
2.471704 19
2.427066 6
2.941346 11
2.752590 6
