2.586840 12
2.578875 4
2.530957 10
2.779457 13
2.465860 4
2.560865 16
2.663598 7
2.463943 11
2.504233 3
2.275324 8
2.860073 4
2.845540 10
2.551187 1
2.687662 11
2.566267 0
2.756919 12
2.719893 17
2.204213 13
2.673257 19
2.751079 4
2.765643 8
2.572413 15
2.523968 8
2.851394 10
2.850969 0
2.743011 12
2.686140 7
2.592182 6
2.632939 4
2.415952 6
2.589166 18
2.800677 7
2.425274 6
2.721560 10
2.912220 12
2.985485 18
2.419136 4
2.656791 13
2.553588 7
2.694928 18
2.757700 14
2.791821 4
2.812831 15
2.348215 12
2.513780 11
2.518142 0
2.906990 18
2.720212 10
2.603356 1
2.513362 1
